* Measurement data measured by REW V5.40 beta 127
* Source: EXCL: Microphone (Umik-1  Gain: 18dB  ), MICROPHONE (Master Volume), R, volume: 0.900
* Format: 65536-point 1/24 octave RTA using Hann window, no smoothing and 32 averages 
* Dated: Jul 2, 2026, 8:39:42 PM
* REW Settings:
*  C-weighting compensation: Off
*  Target level: 75.0 dB
* Note: ; 65536-point 1/24 octave RTA using Hann window, no smoothing and 32 averages  Input RMS 76.43 dB 71.9 dB C, 61.7 dB A 72.1 dB 22 - 22k UNW 21.8 dB >22k 
* Measurement: Front L Low
* Smoothing: None
* Frequency Step: 96 ppo
* Start Frequency: 3.2958984 Hz
*
* Freq(Hz) SPL(dB)
3.295898 44.420
3.319782 44.420
3.343838 44.420
3.368069 44.420
3.392476 44.420
3.417059 44.420
3.441820 44.420
3.466761 44.420
3.491883 44.420
3.517186 44.420
3.542673 44.420
3.568345 44.420
3.594203 44.420
3.620248 44.420
3.646482 44.420
3.672906 44.420
3.699521 44.420
3.726329 44.420
3.753332 44.420
3.780530 44.420
3.807925 44.420
3.835519 44.420
3.863313 44.420
3.891308 44.420
3.919506 44.420
3.947908 44.420
3.976516 44.420
4.005332 44.420
4.034356 47.038
4.063591 47.038
4.093037 47.038
4.122697 47.038
4.152572 47.038
4.182663 47.038
4.212972 47.038
4.243501 47.038
4.274251 47.038
4.305224 47.038
4.336422 47.038
4.367845 47.038
4.399497 47.038
4.431377 47.038
4.463489 47.038
4.495833 47.038
4.528412 47.038
4.561226 47.038
4.594279 47.038
4.627571 47.038
4.661104 47.038
4.694881 47.038
4.728902 47.038
4.763169 48.315
4.797685 48.315
4.832451 48.315
4.867469 48.315
4.902741 48.315
4.938268 48.315
4.974053 48.315
5.010097 48.315
5.046402 48.315
5.082970 48.315
5.119804 48.315
5.156904 48.315
5.194273 48.315
5.231913 48.315
5.269825 48.315
5.308013 48.315
5.346477 48.315
5.385219 48.315
5.424243 48.315
5.463549 48.315
5.503140 50.524
5.543018 50.524
5.583185 50.524
5.623643 50.524
5.664395 50.524
5.705441 50.524
5.746785 50.524
5.788429 50.524
5.830374 50.524
5.872623 50.524
5.915179 50.524
5.958043 50.524
6.001217 50.524
6.044704 50.524
6.088507 50.524
6.132627 50.524
6.177066 50.524
6.221828 50.524
6.266914 52.068
6.312326 52.068
6.358068 52.068
6.404141 52.068
6.450548 52.068
6.497292 52.068
6.544374 52.068
6.591797 52.068
6.639564 52.068
6.687677 52.068
6.736138 52.068
6.784951 52.068
6.834118 52.068
6.883641 52.068
6.933522 52.068
6.983766 54.008
7.034373 54.008
7.085347 54.008
7.136690 54.008
7.188405 54.008
7.240496 54.008
7.292963 54.008
7.345811 54.008
7.399042 54.008
7.452658 54.008
7.506663 54.008
7.561060 54.008
7.615850 54.008
7.671038 54.008
7.726625 55.618
7.782616 55.618
7.839012 55.618
7.895816 55.618
7.953033 55.618
8.010664 55.618
8.068712 55.618
8.127182 55.618
8.186074 55.618
8.245394 55.618
8.305144 55.618
8.365326 55.618
8.425945 56.242
8.487003 56.242
8.548503 56.242
8.610449 56.242
8.672844 56.242
8.735691 56.242
8.798993 56.242
8.862754 56.242
8.926977 56.242
8.991666 56.242
9.056823 56.242
9.122453 56.242
9.188558 58.735
9.255142 58.735
9.322209 58.735
9.389761 58.735
9.457803 58.735
9.526338 58.735
9.595370 58.735
9.664902 58.735
9.734938 58.735
9.805481 58.735
9.876536 58.735
9.948105 59.479
10.020193 59.479
10.092804 59.479
10.165940 59.479
10.239607 59.479
10.313808 59.479
10.388546 59.479
10.463825 59.479
10.539650 59.479
10.616025 59.479
10.692953 59.975
10.770439 59.975
10.848486 59.975
10.927098 59.975
11.006281 59.975
11.086037 59.975
11.166371 59.975
11.247287 59.975
11.328789 59.975
11.410882 60.054
11.493570 60.054
11.576858 60.054
11.660748 60.054
11.745247 60.054
11.830358 60.054
11.916085 60.054
12.002434 60.054
12.089409 61.886
12.177014 61.886
12.265253 61.886
12.354132 61.886
12.443655 61.886
12.533827 61.886
12.624653 61.886
12.716136 61.886
12.808282 61.886
12.901097 61.292
12.994583 61.292
13.088747 61.292
13.183594 61.292
13.279128 61.292
13.375354 61.292
13.472277 61.292
13.569903 56.722
13.668236 56.722
13.767281 56.722
13.867045 56.722
13.967531 56.722
14.068746 56.722
14.170693 56.722
14.273380 56.722
14.376811 55.210
14.480991 55.210
14.585926 55.210
14.691622 55.210
14.798084 55.210
14.905317 55.210
15.013327 55.210
15.122119 55.372
15.231701 55.372
15.342076 55.372
15.453251 55.372
15.565231 55.372
15.678023 55.372
15.791633 56.194
15.906066 56.194
16.021327 56.194
16.137425 56.194
16.254363 56.194
16.372149 56.194
16.490788 52.872
16.610287 52.872
16.730652 52.872
16.851889 52.872
16.974005 52.872
17.097006 52.872
17.220898 51.070
17.345688 51.070
17.471382 51.070
17.597986 51.070
17.725509 51.070
17.853955 51.070
17.983332 51.698
18.113647 51.698
18.244906 51.698
18.377116 51.698
18.510284 51.698
18.644417 51.698
18.779522 52.493
18.915606 52.493
19.052677 52.493
19.190740 52.493
19.329804 52.493
19.469876 50.297
19.610963 50.297
19.753072 50.297
19.896211 50.297
20.040387 50.297
20.185608 54.113
20.331881 54.113
20.479214 54.113
20.627615 54.113
20.777091 54.113
20.927651 62.504
21.079301 62.504
21.232050 62.504
21.385906 62.504
21.540878 62.504
21.696972 61.776
21.854197 61.776
22.012561 61.776
22.172073 61.776
22.332741 61.776
22.494574 51.946
22.657579 51.946
22.821765 51.946
22.987141 51.946
23.153715 49.816
23.321496 49.816
23.490494 49.816
23.660715 49.816
23.832171 48.928
24.004868 48.928
24.178818 48.928
24.354027 48.928
24.530507 48.928
24.708265 50.236
24.887311 50.236
25.067655 50.236
25.249305 50.236
25.432272 49.978
25.616565 49.978
25.802193 49.978
25.989166 49.978
26.177495 49.596
26.367188 49.596
26.558255 49.596
26.750707 49.161
26.944554 49.161
27.139805 49.161
27.336471 49.161
27.534563 47.807
27.734089 47.807
27.935062 47.807
28.137491 47.807
28.341387 48.210
28.546760 48.210
28.753622 48.210
28.961982 48.112
29.171853 48.112
29.383244 48.112
29.596167 48.112
29.810633 47.761
30.026653 47.761
30.244239 47.761
30.463401 47.760
30.684152 47.760
30.906502 47.760
31.130463 46.807
31.356047 46.807
31.583266 46.807
31.812131 46.807
32.042655 47.588
32.274849 47.588
32.508726 47.588
32.744298 46.063
32.981576 46.063
33.220575 46.063
33.461305 46.113
33.703779 46.113
33.948010 46.113
34.194012 47.114
34.441796 47.114
34.691375 47.114
34.942763 46.731
35.195973 46.731
35.451017 46.731
35.707910 48.285
35.966664 48.285
36.227293 48.285
36.489811 48.999
36.754232 48.999
37.020568 48.357
37.288834 48.357
37.559044 48.357
37.831213 46.362
38.105353 46.362
38.381480 46.362
38.659608 46.564
38.939752 46.564
39.221925 45.664
39.506144 45.664
39.792421 45.664
40.080774 46.521
40.371216 46.521
40.663762 45.844
40.958428 45.844
41.255230 45.844
41.554182 53.523
41.855301 53.523
42.158602 63.738
42.464101 63.738
42.771813 63.738
43.081755 66.668
43.393943 66.668
43.708394 61.331
44.025123 61.331
44.344147 50.635
44.665483 50.635
44.989147 50.635
45.315157 47.386
45.643530 47.386
45.974281 47.950
46.307430 47.950
46.642993 49.913
46.980987 49.913
47.321431 48.789
47.664341 48.789
48.009737 45.896
48.357635 45.896
48.708054 46.317
49.061013 46.317
49.416529 46.317
49.774622 45.173
50.135309 45.173
50.498611 45.717
50.864544 46.071
51.233130 46.071
51.604386 46.071
51.978333 46.071
52.354989 46.080
52.734375 46.080
53.116510 46.080
53.501414 46.080
53.889107 48.339
54.279610 48.339
54.672943 48.339
55.069125 48.339
55.468179 48.561
55.870124 48.561
56.274982 48.561
56.682774 48.561
57.093521 47.865
57.507244 47.865
57.923965 47.865
58.343706 47.865
58.766488 48.265
59.192335 48.265
59.621267 48.265
60.053307 48.265
60.488478 49.017
60.926802 49.017
61.368303 49.017
61.813003 49.017
62.260926 49.612
62.712094 49.612
63.166532 49.612
63.624262 49.612
64.085310 48.504
64.549699 48.504
65.017452 48.504
65.488596 48.504
65.963153 47.813
66.441149 47.813
66.922609 47.813
67.407558 47.813
67.896021 48.941
68.388023 48.941
68.883591 48.941
69.382750 48.941
69.885526 51.823
70.391945 51.823
70.902034 51.823
71.415820 51.823
71.933328 53.406
72.454587 53.406
72.979623 53.406
73.508463 53.406
74.041136 55.034
74.577668 55.034
75.118089 55.034
75.662425 55.034
76.210707 55.267
76.762961 55.267
77.319217 55.267
77.879504 55.267
78.443851 55.347
79.012287 55.347
79.584843 55.347
80.161547 55.347
80.742431 55.566
81.327524 55.566
81.916857 55.566
82.510460 55.566
83.108365 56.076
83.710602 56.076
84.317204 56.076
84.928201 56.076
85.543626 55.520
86.163510 55.520
86.787887 55.520
87.416787 55.520
88.050245 55.374
88.688294 55.374
89.330966 55.374
89.978295 55.374
90.630315 53.381
91.287059 53.381
91.948563 53.381
92.614860 53.381
93.285985 52.371
93.961974 52.371
94.642861 52.371
95.328683 52.371
96.019473 50.729
96.715270 50.729
97.416109 50.729
98.122026 50.729
98.833059 51.219
99.549244 51.219
100.270619 51.219
100.997221 51.219
101.729089 49.615
102.466259 49.615
103.208772 49.615
103.956665 49.615
104.709978 50.276
105.468750 50.276
106.233020 50.276
107.002828 50.276
107.778215 49.206
108.559220 49.206
109.345885 49.206
110.138250 49.206
110.936358 49.775
111.740248 49.775
112.549964 49.775
113.365548 49.775
114.187041 51.511
115.014487 51.511
115.847930 51.511
116.687412 51.511
117.532977 50.577
118.384669 50.577
119.242533 50.577
120.106614 50.577
120.976956 51.214
121.853605 51.214
122.736606 51.214
123.626006 51.214
124.521851 52.284
125.424188 52.284
126.333063 52.284
127.248525 52.284
128.170620 51.649
129.099397 51.649
130.034905 51.649
130.977191 51.649
131.926306 50.974
132.882298 50.974
133.845218 50.974
134.815116 50.974
135.792042 53.335
136.776047 53.335
137.767182 53.335
138.765500 53.335
139.771052 53.167
140.783891 53.167
141.804069 53.167
142.831640 53.167
143.866657 52.086
144.909174 52.086
145.959245 52.086
147.016926 52.086
148.082271 53.529
149.155337 53.529
150.236178 53.529
151.324851 53.529
152.421413 54.036
153.525922 54.036
154.638434 54.036
155.759008 54.036
156.887702 53.097
158.024575 53.097
159.169686 53.097
160.323095 53.097
161.484862 50.615
162.655048 50.615
163.833714 50.615
165.020920 50.615
166.216730 48.708
167.421205 48.708
168.634408 48.708
169.856402 48.708
171.087252 47.513
172.327020 47.513
173.575773 47.513
174.833575 47.513
176.100491 46.626
177.376588 46.626
178.661931 46.626
179.956589 46.626
181.260629 46.200
182.574118 46.200
183.897126 46.200
185.229720 46.200
186.571971 46.643
187.923948 46.643
189.285723 46.643
190.657365 46.643
192.038947 45.852
193.430540 45.852
194.832218 45.852
196.244052 45.852
197.666118 43.271
199.098488 43.271
200.541238 43.271
201.994442 43.271
203.458177 42.675
204.932519 42.675
206.417544 42.675
207.913331 42.675
209.419957 46.554
210.937500 46.554
212.466040 46.554
214.005657 46.554
215.556430 48.885
217.118441 48.885
218.691770 48.885
220.276501 48.885
221.872715 48.490
223.480496 48.490
225.099928 48.490
226.731095 48.490
228.374082 49.211
230.028975 49.211
231.695860 49.211
233.374823 49.211
235.065954 48.535
236.769338 48.535
238.485067 48.535
240.213228 48.535
241.953912 46.567
243.707209 46.567
245.473212 46.567
247.252012 46.567
249.043702 43.793
250.848376 43.793
252.666127 43.793
254.497049 43.793
256.341240 42.330
258.198794 42.330
260.069809 42.330
261.954382 42.330
263.852612 40.991
265.764596 40.991
267.690436 40.991
269.630232 40.991
271.584083 40.239
273.552094 40.239
275.534365 40.239
277.531000 40.239
279.542104 42.183
281.567782 42.183
283.608138 42.183
285.663279 42.183
287.733313 42.407
289.818348 42.407
291.918491 42.407
294.033852 42.407
296.164543 44.845
298.310673 44.845
300.472355 44.845
302.649702 44.845
304.842826 45.309
307.051843 45.309
309.276867 45.309
311.518015 45.309
313.775403 46.785
316.049149 46.785
318.339371 46.785
320.646190 46.785
322.969724 47.073
325.310096 47.073
327.667427 47.073
330.041840 47.073
332.433460 46.259
334.842409 46.259
337.268816 46.259
339.712804 46.259
342.174503 45.041
344.654041 45.041
347.151546 45.041
349.667149 45.041
352.200982 44.750
354.753175 44.750
357.323863 44.750
359.913179 44.750
362.521258 45.442
365.148237 45.442
367.794251 45.442
370.459440 45.442
373.143942 45.766
375.847897 45.766
378.571446 45.766
381.314730 45.375
384.077894 45.375
386.861081 45.375
389.664436 45.375
392.488105 44.188
395.332235 44.188
398.196976 44.188
401.082475 44.188
403.988884 41.750
406.916354 41.750
409.865038 41.750
412.835089 41.750
415.826662 38.426
418.839913 38.426
421.875000 38.426
424.932080 38.426
428.011313 37.622
431.112860 37.622
434.236881 37.622
437.383541 37.622
440.553002 36.831
443.745431 36.831
446.960993 36.831
450.199857 36.831
453.462190 35.698
456.748164 35.698
460.057950 35.698
463.391719 35.698
466.749647 34.138
470.131907 34.138
473.538677 34.138
476.970133 34.138
480.426455 33.912
483.907823 33.912
487.414419 33.912
490.946425 33.912
494.504025 36.293
498.087405 36.293
501.696752 36.293
505.332253 36.293
508.994099 39.629
512.682480 39.629
516.397589 39.629
520.139618 39.629
523.908764 40.880
527.705223 40.880
531.529193 40.880
535.380873 40.880
539.260463 40.978
543.168167 40.978
547.104187 40.978
551.068730 40.978
555.062001 42.915
559.084209 42.915
563.135563 42.915
567.216276 42.915
571.326559 46.117
575.466627 46.117
579.636695 46.117
583.836981 46.117
588.067705 46.791
592.329086 46.791
596.621347 46.791
600.944711 46.791
605.299404 46.508
609.685653 46.508
614.103687 46.508
618.553735 46.508
623.036030 47.024
627.550806 47.024
632.098298 47.024
636.678743 47.024
641.292380 47.971
645.939448 47.971
650.620192 47.971
655.334854 47.971
660.083681 46.851
664.866919 46.851
669.684819 46.851
674.537631 46.851
679.425609 43.638
684.349007 43.638
689.308082 43.638
694.303092 43.638
699.334299 37.351
704.401963 37.351
709.506350 37.351
714.647726 37.351
719.826358 41.359
725.042516 41.359
730.296473 41.359
735.588503 41.359
740.918880 42.645
746.287884 42.645
751.695793 42.645
757.142891 42.645
762.629461 44.423
768.155788 44.423
773.722161 44.423
779.328871 44.423
784.976209 45.600
790.664471 45.600
796.393951 45.600
802.164950 45.600
807.977768 46.971
813.832708 46.971
819.730075 46.971
825.670177 46.971
831.653324 48.345
837.679827 48.345
843.750000 48.345
849.864160 48.345
856.022626 45.661
862.225719 45.661
868.473762 45.661
874.767081 45.661
881.106004 43.509
887.490861 43.509
893.921986 43.509
900.399713 43.509
906.924381 43.340
913.496328 43.340
920.115899 43.340
926.783439 43.340
933.499293 41.945
940.263814 41.945
947.077353 41.945
953.940266 41.945
960.852911 40.889
967.815647 40.889
974.828838 40.889
981.892850 40.889
989.008050 44.035
996.174810 44.035
1003.393503 44.035
1010.664506 44.035
1017.988198 44.658
1025.364960 44.658
1032.795177 44.658
1040.279237 44.658
1047.817529 46.735
1055.410447 46.735
1063.058386 46.735
1070.761745 46.735
1078.520926 46.163
1086.336333 46.163
1094.208374 46.163
1102.137459 46.163
1110.124002 46.282
1118.168418 46.282
1126.271127 46.282
1134.432552 46.282
1142.653118 42.071
1150.933253 42.071
1159.273390 42.071
1167.673963 42.071
1176.135410 38.888
1184.658172 38.888
1193.242693 38.888
1201.889422 38.888
1210.598808 41.420
1219.371306 41.420
1228.207373 41.420
1237.107470 41.420
1246.072061 42.151
1255.101612 42.151
1264.196596 42.151
1273.357486 42.151
1282.584759 42.966
1291.878897 42.966
1301.240384 42.966
1310.669708 42.966
1320.167361 39.933
1329.733838 39.933
1339.369638 39.933
1349.075262 39.933
1358.851218 42.987
1368.698014 42.987
1378.616164 42.987
1388.606185 42.987
1398.668598 44.069
1408.803927 44.069
1419.012701 44.069
1429.295452 44.069
1439.652716 43.385
1450.085033 43.385
1460.592947 43.385
1471.177005 43.385
1481.837760 42.397
1492.575768 42.397
1503.391587 42.397
1514.285782 42.397
1525.258921 41.598
1536.311576 41.598
1547.444323 41.598
1558.657742 41.598
1569.952419 40.548
1581.328941 40.548
1592.787903 40.548
1604.329900 40.548
1615.955536 41.045
1627.665416 41.045
1639.460151 41.045
1651.340355 41.045
1663.306648 38.315
1675.359653 38.315
1687.500000 38.315
1699.728321 38.315
1712.045253 40.766
1724.451438 40.766
1736.947524 40.766
1749.534162 40.766
1762.212008 40.825
1774.981722 40.825
1787.843972 40.825
1800.799426 40.825
1813.848761 40.946
1826.992657 40.946
1840.231799 40.946
1853.566877 40.946
1866.998587 42.047
1880.527628 42.047
1894.154707 42.047
1907.880532 42.047
1921.705821 42.036
1935.631294 42.036
1949.657676 42.036
1963.785699 42.036
1978.016100 40.615
1992.349620 40.615
2006.787007 40.615
2021.329012 40.615
2035.976396 39.507
2050.729920 39.507
2065.590354 39.507
2080.558474 39.507
2095.635058 36.432
2110.820893 36.432
2126.116772 36.432
2141.523490 36.432
2157.041852 38.072
2172.672667 38.072
2188.416748 38.072
2204.274918 38.072
2220.248003 38.852
2236.336835 38.852
2252.542254 38.852
2268.865104 38.852
2285.306235 36.537
2301.866506 36.537
2318.546780 36.537
2335.347926 36.537
2352.270820 36.434
2369.316344 36.434
2386.485387 36.434
2403.778843 36.434
2421.197616 36.982
2438.742612 36.982
2456.414746 36.982
2474.214940 36.982
2492.144121 37.089
2510.203225 37.089
2528.393192 37.089
2546.714972 37.089
2565.169518 35.947
2583.757794 35.947
2602.480768 35.947
2621.339416 35.947
2640.334722 34.536
2659.467676 34.536
2678.739275 34.536
2698.150524 34.536
2717.702435 36.528
2737.396027 36.528
2757.232327 36.528
2777.212369 36.528
2797.337195 35.405
2817.607853 35.405
2838.025401 35.405
2858.590903 35.405
2879.305432 30.093
2900.170066 30.093
2921.185893 30.093
2942.354011 30.093
2963.675521 32.756
2985.151535 32.756
3006.783174 32.756
3028.571564 32.756
3050.517842 32.719
3072.623152 32.719
3094.888646 32.719
3117.315485 27.125
3139.904838 27.125
3162.657883 27.125
3185.575805 27.125
3208.659801 27.663
3231.911072 27.663
3255.330832 27.663
3278.920301 27.663
3302.680710 29.273
3326.613295 29.273
3350.719307 29.273
3375.000000 29.273
3399.456641 26.332
3424.090505 26.332
3448.902877 26.332
3473.895049 26.332
3499.068324 28.652
3524.424016 28.652
3549.963445 28.652
3575.687943 28.652
3601.598852 27.745
3627.697522 27.745
3653.985314 27.745
3680.463598 27.745
3707.133754 27.981
3733.997173 27.981
3761.055256 27.981
3788.309413 27.981
3815.761065 28.800
3843.411642 28.800
3871.262587 28.800
3899.315352 28.800
3927.571398 26.640
3956.032200 26.640
3984.699240 26.640
4013.574013 26.640
4042.658025 24.685
4071.952791 24.685
4101.459840 24.685
4131.180709 24.685
4161.116947 24.587
4191.270116 24.587
4221.641787 24.587
4252.233543 24.587
4283.046981 21.306
4314.083705 21.306
4345.345333 21.306
4376.833497 21.306
4408.549837 22.780
4440.496006 22.780
4472.673671 22.780
4505.084508 22.780
4537.730207 20.818
4570.612471 20.818
4603.733013 20.818
4637.093560 20.818
4670.695852 21.689
4704.541639 21.689
4738.632687 21.689
4772.970773 21.689
4807.557687 19.687
4842.395232 19.687
4877.485224 19.687
4912.829492 19.687
4948.429880 19.044
4984.288243 19.044
5020.406450 19.044
5056.786384 19.044
5093.429943 18.915
5130.339036 18.915
5167.515588 18.915
5204.961536 18.915
5242.678833 18.919
5280.669445 18.919
5318.935352 18.919
5357.478550 18.919
5396.301048 16.420
5435.404870 16.420
5474.792055 16.420
5514.464655 16.420
5554.424739 14.021
5594.674390 14.021
5635.215707 14.021
5676.050803 14.021
5717.181807 14.276
5758.610863 14.276
5800.340131 14.276
5842.371787 14.276
5884.708021 14.483
5927.351041 14.483
5970.303070 14.483
6013.566347 14.483
6057.143128 14.236
6101.035684 14.236
6145.246304 14.236
6189.777292 14.236
6234.630969 13.322
6279.809676 13.322
6325.315765 13.322
6371.151611 13.322
6417.319602 13.140
6463.822145 13.140
6510.661665 13.140
6557.840603 13.140
6605.361419 12.274
6653.226591 12.274
6701.438613 12.274
6750.000000 12.274
6798.913283 11.863
6848.181011 11.863
6897.805753 11.863
6947.790097 11.863
6998.136648 11.763
7048.848031 11.763
7099.926890 11.763
7151.375887 11.763
7203.197705 10.964
7255.395044 10.964
7307.970628 10.964
7360.927195 10.964
7414.267508 10.736
7467.994347 10.736
7522.110513 10.736
7576.618826 10.736
7631.522129 10.690
7686.823285 10.690
7742.525175 10.690
7798.630704 10.690
7855.142797 11.394
7912.064400 11.394
7969.398480 11.394
8027.148026 11.394
8085.316050 10.870
8143.905583 10.870
8202.919680 10.870
8262.361417 10.870
8322.233894 10.931
8382.540231 10.931
8443.283573 10.931
8504.467087 10.931
8566.093961 10.970
8628.167409 10.970
8690.690667 10.970
8753.666994 10.970
8817.099673 11.545
8880.992012 11.545
8945.347341 11.545
9010.169016 11.545
9075.460415 11.304
9141.224942 11.304
9207.466026 11.304
9274.187120 11.304
9341.391703 11.381
9409.083278 11.381
9477.265374 11.381
9545.941546 11.381
9615.115374 11.755
9684.790463 11.755
9754.970447 11.755
9825.658984 11.755
9896.859760 12.141
9968.576485 12.141
10040.812900 12.141
10113.572769 12.141
10186.859886 11.902
10260.678072 11.902
10335.031175 11.902
10409.923072 11.902
10485.357665 12.127
10561.338889 12.127
10637.870704 12.127
10714.957101 12.127
10792.602097 13.020
10870.809741 13.020
10949.584109 13.020
11028.929309 13.020
11108.849478 12.559
11189.348780 12.559
11270.431414 12.559
11352.101606 12.559
11434.363614 13.050
11517.221726 13.050
11600.680262 13.050
11684.743574 13.050
11769.416042 13.745
11854.702083 13.745
11940.606141 13.745
12027.132695 13.745
12114.286256 13.489
12202.071368 13.489
12290.492607 13.489
12379.554583 13.489
12469.261939 13.757
12559.619351 13.757
12650.631530 13.757
12742.303221 13.757
12834.639203 14.517
12927.644289 14.517
13021.323329 14.517
13115.681206 14.517
13210.722838 14.512
13306.453182 14.512
13402.877227 14.512
13500.000000 14.512
13597.826565 14.859
13696.362022 14.859
13795.611507 14.859
13895.580195 14.859
13996.273297 15.220
14097.696063 15.220
14199.853780 15.220
14302.751774 15.220
14406.395409 15.568
14510.790089 15.568
14615.941256 15.568
14721.854391 15.568
14828.535017 16.249
14935.988694 16.249
15044.221025 16.249
15153.237652 16.249
15263.044259 16.273
15373.646569 16.273
15485.050350 16.273
15597.261408 16.273
15710.285593 16.988
15824.128799 16.988
15938.796959 16.988
16054.296053 16.988
16170.632100 17.109
16287.811166 17.109
16405.839360 17.109
16524.722835 17.109
16644.467788 17.630
16765.080463 17.630
16886.567147 17.630
17008.934174 17.630
17132.187922 17.848
17256.334818 17.848
17381.381334 17.848
17507.333988 17.848
17634.199347 18.279
17761.984025 18.279
17890.694683 18.279
18020.338031 18.279
18150.920829 18.473
18282.449884 18.473
18414.932052 18.473
18548.374241 18.473
18682.783407 18.886
18818.166557 18.886
18954.530749 18.886
19091.883092 18.886
19230.230747 19.208
19369.580926 19.208
19509.940894 19.208
19651.317968 19.208
19793.719519 19.640
19937.152970 19.640
20081.625799 19.640
20227.145538 19.640
20373.719773 19.577
20521.356145 19.577
20670.062351 19.577
20819.846143 19.577
20970.715331 19.713
21122.677779 19.713
21275.741409 19.713
21429.914202 19.713
21585.204194 19.382
21741.619481 19.382
21899.168218 19.382
22057.858619 19.382
22217.698955 18.939
22378.697560 18.939
22540.862828 18.939
22704.203212 18.939
22868.727228 18.084
23034.443452 18.084
23201.360525 18.084
23369.487147 18.084
