* Measurement data measured by REW V5.40 beta 127
* Source: EXCL: Microphone (Umik-1  Gain: 18dB  ), MICROPHONE (Master Volume), R, volume: 0.900
* Format: 65536-point 1/24 octave RTA using Hann window, no smoothing and 32 averages 
* Dated: Jul 2, 2026, 8:38:46 PM
* REW Settings:
*  C-weighting compensation: Off
*  Target level: 75.0 dB
* Note: ; 65536-point 1/24 octave RTA using Hann window, no smoothing and 32 averages  Input RMS 75.47 dB 69.2 dB C, 63.0 dB A 69.7 dB 22 - 22k UNW 21.9 dB >22k 
* Measurement: Front R High
* Smoothing: None
* Frequency Step: 96 ppo
* Start Frequency: 3.2958984 Hz
*
* Freq(Hz) SPL(dB)
3.295898 43.307
3.319782 43.307
3.343838 43.307
3.368069 43.307
3.392476 43.307
3.417059 43.307
3.441820 43.307
3.466761 43.307
3.491883 43.307
3.517186 43.307
3.542673 43.307
3.568345 43.307
3.594203 43.307
3.620248 43.307
3.646482 43.307
3.672906 43.307
3.699521 43.307
3.726329 43.307
3.753332 43.307
3.780530 43.307
3.807925 43.307
3.835519 43.307
3.863313 43.307
3.891308 43.307
3.919506 43.307
3.947908 43.307
3.976516 43.307
4.005332 43.307
4.034356 44.263
4.063591 44.263
4.093037 44.263
4.122697 44.263
4.152572 44.263
4.182663 44.263
4.212972 44.263
4.243501 44.263
4.274251 44.263
4.305224 44.263
4.336422 44.263
4.367845 44.263
4.399497 44.263
4.431377 44.263
4.463489 44.263
4.495833 44.263
4.528412 44.263
4.561226 44.263
4.594279 44.263
4.627571 44.263
4.661104 44.263
4.694881 44.263
4.728902 44.263
4.763169 47.759
4.797685 47.759
4.832451 47.759
4.867469 47.759
4.902741 47.759
4.938268 47.759
4.974053 47.759
5.010097 47.759
5.046402 47.759
5.082970 47.759
5.119804 47.759
5.156904 47.759
5.194273 47.759
5.231913 47.759
5.269825 47.759
5.308013 47.759
5.346477 47.759
5.385219 47.759
5.424243 47.759
5.463549 47.759
5.503140 50.954
5.543018 50.954
5.583185 50.954
5.623643 50.954
5.664395 50.954
5.705441 50.954
5.746785 50.954
5.788429 50.954
5.830374 50.954
5.872623 50.954
5.915179 50.954
5.958043 50.954
6.001217 50.954
6.044704 50.954
6.088507 50.954
6.132627 50.954
6.177066 50.954
6.221828 50.954
6.266914 53.071
6.312326 53.071
6.358068 53.071
6.404141 53.071
6.450548 53.071
6.497292 53.071
6.544374 53.071
6.591797 53.071
6.639564 53.071
6.687677 53.071
6.736138 53.071
6.784951 53.071
6.834118 53.071
6.883641 53.071
6.933522 53.071
6.983766 54.922
7.034373 54.922
7.085347 54.922
7.136690 54.922
7.188405 54.922
7.240496 54.922
7.292963 54.922
7.345811 54.922
7.399042 54.922
7.452658 54.922
7.506663 54.922
7.561060 54.922
7.615850 54.922
7.671038 54.922
7.726625 56.420
7.782616 56.420
7.839012 56.420
7.895816 56.420
7.953033 56.420
8.010664 56.420
8.068712 56.420
8.127182 56.420
8.186074 56.420
8.245394 56.420
8.305144 56.420
8.365326 56.420
8.425945 57.171
8.487003 57.171
8.548503 57.171
8.610449 57.171
8.672844 57.171
8.735691 57.171
8.798993 57.171
8.862754 57.171
8.926977 57.171
8.991666 57.171
9.056823 57.171
9.122453 57.171
9.188558 56.324
9.255142 56.324
9.322209 56.324
9.389761 56.324
9.457803 56.324
9.526338 56.324
9.595370 56.324
9.664902 56.324
9.734938 56.324
9.805481 56.324
9.876536 56.324
9.948105 57.515
10.020193 57.515
10.092804 57.515
10.165940 57.515
10.239607 57.515
10.313808 57.515
10.388546 57.515
10.463825 57.515
10.539650 57.515
10.616025 57.515
10.692953 58.523
10.770439 58.523
10.848486 58.523
10.927098 58.523
11.006281 58.523
11.086037 58.523
11.166371 58.523
11.247287 58.523
11.328789 58.523
11.410882 60.357
11.493570 60.357
11.576858 60.357
11.660748 60.357
11.745247 60.357
11.830358 60.357
11.916085 60.357
12.002434 60.357
12.089409 62.434
12.177014 62.434
12.265253 62.434
12.354132 62.434
12.443655 62.434
12.533827 62.434
12.624653 62.434
12.716136 62.434
12.808282 62.434
12.901097 60.629
12.994583 60.629
13.088747 60.629
13.183594 60.629
13.279128 60.629
13.375354 60.629
13.472277 60.629
13.569903 57.125
13.668236 57.125
13.767281 57.125
13.867045 57.125
13.967531 57.125
14.068746 57.125
14.170693 57.125
14.273380 57.125
14.376811 53.942
14.480991 53.942
14.585926 53.942
14.691622 53.942
14.798084 53.942
14.905317 53.942
15.013327 53.942
15.122119 54.472
15.231701 54.472
15.342076 54.472
15.453251 54.472
15.565231 54.472
15.678023 54.472
15.791633 56.441
15.906066 56.441
16.021327 56.441
16.137425 56.441
16.254363 56.441
16.372149 56.441
16.490788 53.964
16.610287 53.964
16.730652 53.964
16.851889 53.964
16.974005 53.964
17.097006 53.964
17.220898 51.201
17.345688 51.201
17.471382 51.201
17.597986 51.201
17.725509 51.201
17.853955 51.201
17.983332 52.513
18.113647 52.513
18.244906 52.513
18.377116 52.513
18.510284 52.513
18.644417 52.513
18.779522 52.253
18.915606 52.253
19.052677 52.253
19.190740 52.253
19.329804 52.253
19.469876 50.054
19.610963 50.054
19.753072 50.054
19.896211 50.054
20.040387 50.054
20.185608 51.879
20.331881 51.879
20.479214 51.879
20.627615 51.879
20.777091 51.879
20.927651 61.690
21.079301 61.690
21.232050 61.690
21.385906 61.690
21.540878 61.690
21.696972 61.923
21.854197 61.923
22.012561 61.923
22.172073 61.923
22.332741 61.923
22.494574 51.649
22.657579 51.649
22.821765 51.649
22.987141 51.649
23.153715 49.486
23.321496 49.486
23.490494 49.486
23.660715 49.486
23.832171 48.431
24.004868 48.431
24.178818 48.431
24.354027 48.431
24.530507 48.431
24.708265 48.500
24.887311 48.500
25.067655 48.500
25.249305 48.500
25.432272 48.887
25.616565 48.887
25.802193 48.887
25.989166 48.887
26.177495 49.448
26.367188 49.448
26.558255 49.448
26.750707 48.355
26.944554 48.355
27.139805 48.355
27.336471 48.355
27.534563 47.334
27.734089 47.334
27.935062 47.334
28.137491 47.334
28.341387 47.455
28.546760 47.455
28.753622 47.455
28.961982 46.460
29.171853 46.460
29.383244 46.460
29.596167 46.460
29.810633 45.446
30.026653 45.446
30.244239 45.446
30.463401 46.241
30.684152 46.241
30.906502 46.241
31.130463 46.948
31.356047 46.948
31.583266 46.948
31.812131 46.948
32.042655 47.926
32.274849 47.926
32.508726 47.926
32.744298 47.858
32.981576 47.858
33.220575 47.858
33.461305 47.099
33.703779 47.099
33.948010 47.099
34.194012 46.028
34.441796 46.028
34.691375 46.028
34.942763 44.970
35.195973 44.970
35.451017 44.970
35.707910 46.410
35.966664 46.410
36.227293 46.410
36.489811 46.975
36.754232 46.975
37.020568 47.008
37.288834 47.008
37.559044 47.008
37.831213 47.151
38.105353 47.151
38.381480 47.151
38.659608 45.699
38.939752 45.699
39.221925 45.691
39.506144 45.691
39.792421 45.691
40.080774 45.451
40.371216 45.451
40.663762 45.636
40.958428 45.636
41.255230 45.636
41.554182 48.960
41.855301 48.960
42.158602 61.864
42.464101 61.864
42.771813 61.864
43.081755 66.975
43.393943 66.975
43.708394 61.863
44.025123 61.863
44.344147 49.189
44.665483 49.189
44.989147 49.189
45.315157 46.131
45.643530 46.131
45.974281 46.678
46.307430 46.678
46.642993 49.342
46.980987 49.342
47.321431 48.679
47.664341 48.679
48.009737 46.292
48.357635 46.292
48.708054 44.967
49.061013 44.967
49.416529 44.967
49.774622 43.687
50.135309 43.687
50.498611 42.872
50.864544 44.132
51.233130 44.132
51.604386 44.132
51.978333 44.132
52.354989 43.611
52.734375 43.611
53.116510 43.611
53.501414 43.611
53.889107 42.193
54.279610 42.193
54.672943 42.193
55.069125 42.193
55.468179 41.503
55.870124 41.503
56.274982 41.503
56.682774 41.503
57.093521 42.173
57.507244 42.173
57.923965 42.173
58.343706 42.173
58.766488 43.435
59.192335 43.435
59.621267 43.435
60.053307 43.435
60.488478 42.749
60.926802 42.749
61.368303 42.749
61.813003 42.749
62.260926 40.332
62.712094 40.332
63.166532 40.332
63.624262 40.332
64.085310 42.129
64.549699 42.129
65.017452 42.129
65.488596 42.129
65.963153 42.233
66.441149 42.233
66.922609 42.233
67.407558 42.233
67.896021 40.506
68.388023 40.506
68.883591 40.506
69.382750 40.506
69.885526 40.199
70.391945 40.199
70.902034 40.199
71.415820 40.199
71.933328 39.825
72.454587 39.825
72.979623 39.825
73.508463 39.825
74.041136 41.839
74.577668 41.839
75.118089 41.839
75.662425 41.839
76.210707 40.155
76.762961 40.155
77.319217 40.155
77.879504 40.155
78.443851 40.728
79.012287 40.728
79.584843 40.728
80.161547 40.728
80.742431 41.074
81.327524 41.074
81.916857 41.074
82.510460 41.074
83.108365 40.744
83.710602 40.744
84.317204 40.744
84.928201 40.744
85.543626 41.969
86.163510 41.969
86.787887 41.969
87.416787 41.969
88.050245 41.763
88.688294 41.763
89.330966 41.763
89.978295 41.763
90.630315 38.983
91.287059 38.983
91.948563 38.983
92.614860 38.983
93.285985 43.692
93.961974 43.692
94.642861 43.692
95.328683 43.692
96.019473 41.577
96.715270 41.577
97.416109 41.577
98.122026 41.577
98.833059 40.602
99.549244 40.602
100.270619 40.602
100.997221 40.602
101.729089 42.126
102.466259 42.126
103.208772 42.126
103.956665 42.126
104.709978 41.922
105.468750 41.922
106.233020 41.922
107.002828 41.922
107.778215 45.149
108.559220 45.149
109.345885 45.149
110.138250 45.149
110.936358 41.315
111.740248 41.315
112.549964 41.315
113.365548 41.315
114.187041 42.912
115.014487 42.912
115.847930 42.912
116.687412 42.912
117.532977 40.859
118.384669 40.859
119.242533 40.859
120.106614 40.859
120.976956 40.025
121.853605 40.025
122.736606 40.025
123.626006 40.025
124.521851 39.200
125.424188 39.200
126.333063 39.200
127.248525 39.200
128.170620 42.519
129.099397 42.519
130.034905 42.519
130.977191 42.519
131.926306 38.827
132.882298 38.827
133.845218 38.827
134.815116 38.827
135.792042 38.152
136.776047 38.152
137.767182 38.152
138.765500 38.152
139.771052 38.815
140.783891 38.815
141.804069 38.815
142.831640 38.815
143.866657 37.890
144.909174 37.890
145.959245 37.890
147.016926 37.890
148.082271 38.976
149.155337 38.976
150.236178 38.976
151.324851 38.976
152.421413 38.466
153.525922 38.466
154.638434 38.466
155.759008 38.466
156.887702 39.608
158.024575 39.608
159.169686 39.608
160.323095 39.608
161.484862 38.841
162.655048 38.841
163.833714 38.841
165.020920 38.841
166.216730 38.858
167.421205 38.858
168.634408 38.858
169.856402 38.858
171.087252 39.162
172.327020 39.162
173.575773 39.162
174.833575 39.162
176.100491 39.150
177.376588 39.150
178.661931 39.150
179.956589 39.150
181.260629 39.482
182.574118 39.482
183.897126 39.482
185.229720 39.482
186.571971 39.364
187.923948 39.364
189.285723 39.364
190.657365 39.364
192.038947 39.707
193.430540 39.707
194.832218 39.707
196.244052 39.707
197.666118 39.136
199.098488 39.136
200.541238 39.136
201.994442 39.136
203.458177 37.686
204.932519 37.686
206.417544 37.686
207.913331 37.686
209.419957 38.683
210.937500 38.683
212.466040 38.683
214.005657 38.683
215.556430 36.811
217.118441 36.811
218.691770 36.811
220.276501 36.811
221.872715 37.208
223.480496 37.208
225.099928 37.208
226.731095 37.208
228.374082 35.620
230.028975 35.620
231.695860 35.620
233.374823 35.620
235.065954 35.863
236.769338 35.863
238.485067 35.863
240.213228 35.863
241.953912 34.252
243.707209 34.252
245.473212 34.252
247.252012 34.252
249.043702 33.922
250.848376 33.922
252.666127 33.922
254.497049 33.922
256.341240 33.722
258.198794 33.722
260.069809 33.722
261.954382 33.722
263.852612 32.272
265.764596 32.272
267.690436 32.272
269.630232 32.272
271.584083 32.551
273.552094 32.551
275.534365 32.551
277.531000 32.551
279.542104 34.551
281.567782 34.551
283.608138 34.551
285.663279 34.551
287.733313 32.296
289.818348 32.296
291.918491 32.296
294.033852 32.296
296.164543 35.100
298.310673 35.100
300.472355 35.100
302.649702 35.100
304.842826 34.428
307.051843 34.428
309.276867 34.428
311.518015 34.428
313.775403 36.101
316.049149 36.101
318.339371 36.101
320.646190 36.101
322.969724 32.569
325.310096 32.569
327.667427 32.569
330.041840 32.569
332.433460 29.843
334.842409 29.843
337.268816 29.843
339.712804 29.843
342.174503 27.513
344.654041 27.513
347.151546 27.513
349.667149 27.513
352.200982 27.466
354.753175 27.466
357.323863 27.466
359.913179 27.466
362.521258 27.852
365.148237 27.852
367.794251 27.852
370.459440 27.852
373.143942 29.291
375.847897 29.291
378.571446 29.291
381.314730 27.389
384.077894 27.389
386.861081 27.389
389.664436 27.389
392.488105 28.736
395.332235 28.736
398.196976 28.736
401.082475 28.736
403.988884 25.310
406.916354 25.310
409.865038 25.310
412.835089 25.310
415.826662 24.576
418.839913 24.576
421.875000 24.576
424.932080 24.576
428.011313 22.387
431.112860 22.387
434.236881 22.387
437.383541 22.387
440.553002 21.392
443.745431 21.392
446.960993 21.392
450.199857 21.392
453.462190 21.769
456.748164 21.769
460.057950 21.769
463.391719 21.769
466.749647 22.852
470.131907 22.852
473.538677 22.852
476.970133 22.852
480.426455 19.764
483.907823 19.764
487.414419 19.764
490.946425 19.764
494.504025 21.244
498.087405 21.244
501.696752 21.244
505.332253 21.244
508.994099 23.677
512.682480 23.677
516.397589 23.677
520.139618 23.677
523.908764 23.758
527.705223 23.758
531.529193 23.758
535.380873 23.758
539.260463 26.755
543.168167 26.755
547.104187 26.755
551.068730 26.755
555.062001 26.490
559.084209 26.490
563.135563 26.490
567.216276 26.490
571.326559 23.857
575.466627 23.857
579.636695 23.857
583.836981 23.857
588.067705 20.993
592.329086 20.993
596.621347 20.993
600.944711 20.993
605.299404 18.088
609.685653 18.088
614.103687 18.088
618.553735 18.088
623.036030 20.102
627.550806 20.102
632.098298 20.102
636.678743 20.102
641.292380 19.058
645.939448 19.058
650.620192 19.058
655.334854 19.058
660.083681 18.125
664.866919 18.125
669.684819 18.125
674.537631 18.125
679.425609 17.715
684.349007 17.715
689.308082 17.715
694.303092 17.715
699.334299 15.348
704.401963 15.348
709.506350 15.348
714.647726 15.348
719.826358 14.332
725.042516 14.332
730.296473 14.332
735.588503 14.332
740.918880 15.679
746.287884 15.679
751.695793 15.679
757.142891 15.679
762.629461 14.844
768.155788 14.844
773.722161 14.844
779.328871 14.844
784.976209 13.832
790.664471 13.832
796.393951 13.832
802.164950 13.832
807.977768 14.158
813.832708 14.158
819.730075 14.158
825.670177 14.158
831.653324 14.019
837.679827 14.019
843.750000 14.019
849.864160 14.019
856.022626 13.723
862.225719 13.723
868.473762 13.723
874.767081 13.723
881.106004 14.462
887.490861 14.462
893.921986 14.462
900.399713 14.462
906.924381 16.592
913.496328 16.592
920.115899 16.592
926.783439 16.592
933.499293 18.315
940.263814 18.315
947.077353 18.315
953.940266 18.315
960.852911 21.081
967.815647 21.081
974.828838 21.081
981.892850 21.081
989.008050 17.625
996.174810 17.625
1003.393503 17.625
1010.664506 17.625
1017.988198 18.244
1025.364960 18.244
1032.795177 18.244
1040.279237 18.244
1047.817529 20.569
1055.410447 20.569
1063.058386 20.569
1070.761745 20.569
1078.520926 24.983
1086.336333 24.983
1094.208374 24.983
1102.137459 24.983
1110.124002 26.321
1118.168418 26.321
1126.271127 26.321
1134.432552 26.321
1142.653118 25.467
1150.933253 25.467
1159.273390 25.467
1167.673963 25.467
1176.135410 25.033
1184.658172 25.033
1193.242693 25.033
1201.889422 25.033
1210.598808 28.072
1219.371306 28.072
1228.207373 28.072
1237.107470 28.072
1246.072061 26.929
1255.101612 26.929
1264.196596 26.929
1273.357486 26.929
1282.584759 28.435
1291.878897 28.435
1301.240384 28.435
1310.669708 28.435
1320.167361 29.814
1329.733838 29.814
1339.369638 29.814
1349.075262 29.814
1358.851218 25.410
1368.698014 25.410
1378.616164 25.410
1388.606185 25.410
1398.668598 28.596
1408.803927 28.596
1419.012701 28.596
1429.295452 28.596
1439.652716 29.275
1450.085033 29.275
1460.592947 29.275
1471.177005 29.275
1481.837760 29.995
1492.575768 29.995
1503.391587 29.995
1514.285782 29.995
1525.258921 35.900
1536.311576 35.900
1547.444323 35.900
1558.657742 35.900
1569.952419 35.969
1581.328941 35.969
1592.787903 35.969
1604.329900 35.969
1615.955536 36.641
1627.665416 36.641
1639.460151 36.641
1651.340355 36.641
1663.306648 36.005
1675.359653 36.005
1687.500000 36.005
1699.728321 36.005
1712.045253 35.828
1724.451438 35.828
1736.947524 35.828
1749.534162 35.828
1762.212008 34.198
1774.981722 34.198
1787.843972 34.198
1800.799426 34.198
1813.848761 35.957
1826.992657 35.957
1840.231799 35.957
1853.566877 35.957
1866.998587 39.077
1880.527628 39.077
1894.154707 39.077
1907.880532 39.077
1921.705821 39.474
1935.631294 39.474
1949.657676 39.474
1963.785699 39.474
1978.016100 38.931
1992.349620 38.931
2006.787007 38.931
2021.329012 38.931
2035.976396 40.809
2050.729920 40.809
2065.590354 40.809
2080.558474 40.809
2095.635058 39.263
2110.820893 39.263
2126.116772 39.263
2141.523490 39.263
2157.041852 41.925
2172.672667 41.925
2188.416748 41.925
2204.274918 41.925
2220.248003 38.313
2236.336835 38.313
2252.542254 38.313
2268.865104 38.313
2285.306235 36.763
2301.866506 36.763
2318.546780 36.763
2335.347926 36.763
2352.270820 39.718
2369.316344 39.718
2386.485387 39.718
2403.778843 39.718
2421.197616 41.796
2438.742612 41.796
2456.414746 41.796
2474.214940 41.796
2492.144121 44.118
2510.203225 44.118
2528.393192 44.118
2546.714972 44.118
2565.169518 44.590
2583.757794 44.590
2602.480768 44.590
2621.339416 44.590
2640.334722 46.460
2659.467676 46.460
2678.739275 46.460
2698.150524 46.460
2717.702435 44.862
2737.396027 44.862
2757.232327 44.862
2777.212369 44.862
2797.337195 39.239
2817.607853 39.239
2838.025401 39.239
2858.590903 39.239
2879.305432 37.392
2900.170066 37.392
2921.185893 37.392
2942.354011 37.392
2963.675521 38.373
2985.151535 38.373
3006.783174 38.373
3028.571564 38.373
3050.517842 41.015
3072.623152 41.015
3094.888646 41.015
3117.315485 42.231
3139.904838 42.231
3162.657883 42.231
3185.575805 42.231
3208.659801 42.341
3231.911072 42.341
3255.330832 42.341
3278.920301 42.341
3302.680710 43.067
3326.613295 43.067
3350.719307 43.067
3375.000000 43.067
3399.456641 43.383
3424.090505 43.383
3448.902877 43.383
3473.895049 43.383
3499.068324 43.566
3524.424016 43.566
3549.963445 43.566
3575.687943 43.566
3601.598852 42.367
3627.697522 42.367
3653.985314 42.367
3680.463598 42.367
3707.133754 38.218
3733.997173 38.218
3761.055256 38.218
3788.309413 38.218
3815.761065 38.789
3843.411642 38.789
3871.262587 38.789
3899.315352 38.789
3927.571398 39.425
3956.032200 39.425
3984.699240 39.425
4013.574013 39.425
4042.658025 42.133
4071.952791 42.133
4101.459840 42.133
4131.180709 42.133
4161.116947 46.156
4191.270116 46.156
4221.641787 46.156
4252.233543 46.156
4283.046981 47.025
4314.083705 47.025
4345.345333 47.025
4376.833497 47.025
4408.549837 48.286
4440.496006 48.286
4472.673671 48.286
4505.084508 48.286
4537.730207 47.689
4570.612471 47.689
4603.733013 47.689
4637.093560 47.689
4670.695852 45.630
4704.541639 45.630
4738.632687 45.630
4772.970773 45.630
4807.557687 47.170
4842.395232 47.170
4877.485224 47.170
4912.829492 47.170
4948.429880 49.247
4984.288243 49.247
5020.406450 49.247
5056.786384 49.247
5093.429943 48.718
5130.339036 48.718
5167.515588 48.718
5204.961536 48.718
5242.678833 48.052
5280.669445 48.052
5318.935352 48.052
5357.478550 48.052
5396.301048 46.011
5435.404870 46.011
5474.792055 46.011
5514.464655 46.011
5554.424739 43.995
5594.674390 43.995
5635.215707 43.995
5676.050803 43.995
5717.181807 44.510
5758.610863 44.510
5800.340131 44.510
5842.371787 44.510
5884.708021 43.800
5927.351041 43.800
5970.303070 43.800
6013.566347 43.800
6057.143128 45.799
6101.035684 45.799
6145.246304 45.799
6189.777292 45.799
6234.630969 47.565
6279.809676 47.566
6325.315765 47.566
6371.151611 47.566
6417.319602 46.670
6463.822145 46.670
6510.661665 46.670
6557.840603 46.670
6605.361419 44.535
6653.226591 44.535
6701.438613 44.535
6750.000000 44.535
6798.913283 43.271
6848.181011 43.271
6897.805753 43.271
6947.790097 43.271
6998.136648 44.148
7048.848031 44.148
7099.926890 44.148
7151.375887 44.148
7203.197705 42.508
7255.395044 42.508
7307.970628 42.508
7360.927195 42.508
7414.267508 41.348
7467.994347 41.348
7522.110513 41.348
7576.618826 41.348
7631.522129 40.870
7686.823285 40.870
7742.525175 40.870
7798.630704 40.870
7855.142797 40.579
7912.064400 40.579
7969.398480 40.579
8027.148026 40.579
8085.316050 40.965
8143.905583 40.965
8202.919680 40.965
8262.361417 40.965
8322.233894 42.770
8382.540231 42.770
8443.283573 42.770
8504.467087 42.770
8566.093961 46.628
8628.167409 46.628
8690.690667 46.628
8753.666994 46.628
8817.099673 46.182
8880.992012 46.182
8945.347341 46.182
9010.169016 46.182
9075.460415 42.763
9141.224942 42.763
9207.466026 42.763
9274.187120 42.763
9341.391703 42.343
9409.083278 42.343
9477.265374 42.343
9545.941546 42.343
9615.115374 44.440
9684.790463 44.440
9754.970447 44.440
9825.658984 44.440
9896.859760 44.876
9968.576485 44.876
10040.812900 44.876
10113.572769 44.876
10186.859886 46.286
10260.678072 46.286
10335.031175 46.286
10409.923072 46.286
10485.357665 47.792
10561.338889 47.792
10637.870704 47.792
10714.957101 47.792
10792.602097 48.425
10870.809741 48.425
10949.584109 48.425
11028.929309 48.425
11108.849478 44.933
11189.348780 44.933
11270.431414 44.933
11352.101606 44.933
11434.363614 45.282
11517.221726 45.282
11600.680262 45.282
11684.743574 45.282
11769.416042 45.636
11854.702083 45.636
11940.606141 45.636
12027.132695 45.636
12114.286256 44.756
12202.071368 44.756
12290.492607 44.756
12379.554583 44.756
12469.261939 46.557
12559.619351 46.557
12650.631530 46.557
12742.303221 46.557
12834.639203 45.294
12927.644289 45.294
13021.323329 45.294
13115.681206 45.294
13210.722838 44.691
13306.453182 44.691
13402.877227 44.691
13500.000000 44.691
13597.826565 45.084
13696.362022 45.084
13795.611507 45.084
13895.580195 45.084
13996.273297 44.128
14097.696063 44.128
14199.853780 44.128
14302.751774 44.128
14406.395409 44.750
14510.790089 44.750
14615.941256 44.750
14721.854391 44.750
14828.535017 46.450
14935.988694 46.450
15044.221025 46.450
15153.237652 46.450
15263.044259 45.982
15373.646569 45.982
15485.050350 45.982
15597.261408 45.982
15710.285593 45.655
15824.128799 45.655
15938.796959 45.655
16054.296053 45.655
16170.632100 44.858
16287.811166 44.858
16405.839360 44.858
16524.722835 44.858
16644.467788 44.707
16765.080463 44.707
16886.567147 44.707
17008.934174 44.707
17132.187922 44.153
17256.334818 44.153
17381.381334 44.153
17507.333988 44.153
17634.199347 42.577
17761.984025 42.576
17890.694683 42.576
18020.338031 42.576
18150.920829 40.482
18282.449884 40.482
18414.932052 40.482
18548.374241 40.482
18682.783407 38.057
18818.166557 38.057
18954.530749 38.057
19091.883092 38.057
19230.230747 36.088
19369.580926 36.088
19509.940894 36.088
19651.317968 36.088
19793.719519 35.573
19937.152970 35.573
20081.625799 35.573
20227.145538 35.573
20373.719773 32.952
20521.356145 32.952
20670.062351 32.952
20819.846143 32.952
20970.715331 28.427
21122.677779 28.427
21275.741409 28.427
21429.914202 28.427
21585.204194 19.474
21741.619481 19.474
21899.168218 19.474
22057.858619 19.474
22217.698955 19.019
22378.697560 19.019
22540.862828 19.019
22704.203212 19.019
22868.727228 18.162
23034.443452 18.162
23201.360525 18.162
23369.487147 18.162
