* Measurement data measured by REW V5.40 beta 127
* Source: EXCL: Microphone (Umik-1  Gain: 18dB  ), MICROPHONE (Master Volume), R, volume: 0.900
* Format: 65536-point 1/24 octave RTA using Hann window, no smoothing and 32 averages 
* Dated: Jul 2, 2026, 8:40:33 PM
* REW Settings:
*  C-weighting compensation: Off
*  Target level: 75.0 dB
* Note: ; 65536-point 1/24 octave RTA using Hann window, no smoothing and 32 averages  Input RMS 77.25 dB 73.4 dB C, 66.9 dB A 73.5 dB 22 - 22k UNW 22.0 dB >22k 
* Measurement: Front R Low
* Smoothing: None
* Frequency Step: 96 ppo
* Start Frequency: 3.2958984 Hz
*
* Freq(Hz) SPL(dB)
3.295898 45.421
3.319782 45.421
3.343838 45.421
3.368069 45.421
3.392476 45.421
3.417059 45.421
3.441820 45.421
3.466761 45.421
3.491883 45.421
3.517186 45.421
3.542673 45.421
3.568345 45.421
3.594203 45.421
3.620248 45.421
3.646482 45.421
3.672906 45.421
3.699521 45.421
3.726329 45.421
3.753332 45.421
3.780530 45.421
3.807925 45.421
3.835519 45.421
3.863313 45.421
3.891308 45.421
3.919506 45.421
3.947908 45.421
3.976516 45.421
4.005332 45.421
4.034356 47.716
4.063591 47.716
4.093037 47.716
4.122697 47.716
4.152572 47.716
4.182663 47.716
4.212972 47.716
4.243501 47.716
4.274251 47.716
4.305224 47.716
4.336422 47.716
4.367845 47.716
4.399497 47.716
4.431377 47.716
4.463489 47.716
4.495833 47.716
4.528412 47.716
4.561226 47.716
4.594279 47.716
4.627571 47.716
4.661104 47.716
4.694881 47.716
4.728902 47.716
4.763169 47.802
4.797685 47.802
4.832451 47.802
4.867469 47.802
4.902741 47.802
4.938268 47.802
4.974053 47.802
5.010097 47.802
5.046402 47.802
5.082970 47.802
5.119804 47.802
5.156904 47.802
5.194273 47.802
5.231913 47.802
5.269825 47.802
5.308013 47.802
5.346477 47.802
5.385219 47.802
5.424243 47.802
5.463549 47.802
5.503140 49.235
5.543018 49.235
5.583185 49.235
5.623643 49.235
5.664395 49.235
5.705441 49.235
5.746785 49.235
5.788429 49.235
5.830374 49.235
5.872623 49.235
5.915179 49.235
5.958043 49.235
6.001217 49.235
6.044704 49.235
6.088507 49.235
6.132627 49.235
6.177066 49.235
6.221828 49.235
6.266914 51.200
6.312326 51.200
6.358068 51.200
6.404141 51.200
6.450548 51.200
6.497292 51.200
6.544374 51.200
6.591797 51.200
6.639564 51.200
6.687677 51.200
6.736138 51.200
6.784951 51.200
6.834118 51.200
6.883641 51.200
6.933522 51.200
6.983766 55.620
7.034373 55.620
7.085347 55.620
7.136690 55.620
7.188405 55.620
7.240496 55.620
7.292963 55.620
7.345811 55.620
7.399042 55.620
7.452658 55.620
7.506663 55.620
7.561060 55.620
7.615850 55.620
7.671038 55.620
7.726625 57.886
7.782616 57.886
7.839012 57.886
7.895816 57.886
7.953033 57.886
8.010664 57.886
8.068712 57.886
8.127182 57.886
8.186074 57.886
8.245394 57.886
8.305144 57.886
8.365326 57.886
8.425945 58.231
8.487003 58.231
8.548503 58.231
8.610449 58.231
8.672844 58.231
8.735691 58.231
8.798993 58.231
8.862754 58.231
8.926977 58.231
8.991666 58.231
9.056823 58.231
9.122453 58.231
9.188558 57.128
9.255142 57.128
9.322209 57.128
9.389761 57.128
9.457803 57.128
9.526338 57.128
9.595370 57.128
9.664902 57.128
9.734938 57.128
9.805481 57.128
9.876536 57.128
9.948105 57.900
10.020193 57.900
10.092804 57.900
10.165940 57.900
10.239607 57.900
10.313808 57.900
10.388546 57.900
10.463825 57.900
10.539650 57.900
10.616025 57.900
10.692953 59.839
10.770439 59.839
10.848486 59.839
10.927098 59.839
11.006281 59.839
11.086037 59.839
11.166371 59.839
11.247287 59.839
11.328789 59.839
11.410882 63.033
11.493570 63.033
11.576858 63.033
11.660748 63.033
11.745247 63.033
11.830358 63.033
11.916085 63.033
12.002434 63.033
12.089409 63.553
12.177014 63.553
12.265253 63.553
12.354132 63.553
12.443655 63.553
12.533827 63.553
12.624653 63.553
12.716136 63.553
12.808282 63.553
12.901097 59.619
12.994583 59.619
13.088747 59.619
13.183594 59.619
13.279128 59.619
13.375354 59.619
13.472277 59.619
13.569903 56.916
13.668236 56.916
13.767281 56.916
13.867045 56.916
13.967531 56.916
14.068746 56.916
14.170693 56.916
14.273380 56.916
14.376811 54.875
14.480991 54.875
14.585926 54.875
14.691622 54.875
14.798084 54.875
14.905317 54.875
15.013327 54.875
15.122119 55.062
15.231701 55.062
15.342076 55.062
15.453251 55.062
15.565231 55.062
15.678023 55.062
15.791633 56.534
15.906066 56.534
16.021327 56.534
16.137425 56.534
16.254363 56.534
16.372149 56.534
16.490788 53.899
16.610287 53.899
16.730652 53.899
16.851889 53.899
16.974005 53.899
17.097006 53.899
17.220898 51.907
17.345688 51.907
17.471382 51.907
17.597986 51.907
17.725509 51.907
17.853955 51.907
17.983332 51.791
18.113647 51.791
18.244906 51.791
18.377116 51.791
18.510284 51.791
18.644417 51.791
18.779522 52.210
18.915606 52.210
19.052677 52.210
19.190740 52.210
19.329804 52.210
19.469876 51.917
19.610963 51.917
19.753072 51.917
19.896211 51.917
20.040387 51.917
20.185608 53.584
20.331881 53.584
20.479214 53.584
20.627615 53.584
20.777091 53.584
20.927651 61.912
21.079301 61.912
21.232050 61.912
21.385906 61.912
21.540878 61.912
21.696972 61.158
21.854197 61.158
22.012561 61.158
22.172073 61.158
22.332741 61.158
22.494574 51.097
22.657579 51.097
22.821765 51.097
22.987141 51.097
23.153715 50.350
23.321496 50.350
23.490494 50.350
23.660715 50.350
23.832171 50.273
24.004868 50.273
24.178818 50.273
24.354027 50.273
24.530507 50.273
24.708265 49.201
24.887311 49.201
25.067655 49.201
25.249305 49.201
25.432272 50.152
25.616565 50.152
25.802193 50.152
25.989166 50.152
26.177495 50.359
26.367188 50.359
26.558255 50.359
26.750707 50.065
26.944554 50.065
27.139805 50.065
27.336471 50.065
27.534563 48.596
27.734089 48.596
27.935062 48.596
28.137491 48.596
28.341387 47.769
28.546760 47.769
28.753622 47.769
28.961982 47.717
29.171853 47.717
29.383244 47.717
29.596167 47.717
29.810633 48.313
30.026653 48.313
30.244239 48.313
30.463401 48.066
30.684152 48.066
30.906502 48.066
31.130463 47.730
31.356047 47.730
31.583266 47.730
31.812131 47.730
32.042655 49.204
32.274849 49.204
32.508726 49.204
32.744298 50.062
32.981576 50.062
33.220575 50.062
33.461305 48.889
33.703779 48.889
33.948010 48.889
34.194012 48.862
34.441796 48.862
34.691375 48.862
34.942763 47.620
35.195973 47.620
35.451017 47.620
35.707910 47.676
35.966664 47.676
36.227293 47.676
36.489811 48.075
36.754232 48.075
37.020568 47.910
37.288834 47.910
37.559044 47.910
37.831213 47.513
38.105353 47.513
38.381480 47.513
38.659608 46.654
38.939752 46.654
39.221925 47.190
39.506144 47.190
39.792421 47.190
40.080774 47.283
40.371216 47.283
40.663762 49.595
40.958428 49.595
41.255230 49.595
41.554182 55.894
41.855301 55.894
42.158602 63.972
42.464101 63.972
42.771813 63.972
43.081755 66.078
43.393943 66.078
43.708394 61.133
44.025123 61.133
44.344147 49.601
44.665483 49.601
44.989147 49.601
45.315157 47.373
45.643530 47.373
45.974281 48.441
46.307430 48.441
46.642993 51.953
46.980987 51.953
47.321431 49.636
47.664341 49.636
48.009737 46.352
48.357635 46.352
48.708054 45.266
49.061013 45.266
49.416529 45.266
49.774622 45.645
50.135309 45.645
50.498611 45.790
50.864544 45.038
51.233130 45.038
51.604386 45.038
51.978333 45.038
52.354989 46.467
52.734375 46.467
53.116510 46.467
53.501414 46.467
53.889107 47.338
54.279610 47.338
54.672943 47.338
55.069125 47.338
55.468179 48.031
55.870124 48.031
56.274982 48.031
56.682774 48.031
57.093521 47.397
57.507244 47.397
57.923965 47.397
58.343706 47.397
58.766488 47.429
59.192335 47.429
59.621267 47.429
60.053307 47.429
60.488478 46.430
60.926802 46.430
61.368303 46.430
61.813003 46.430
62.260926 45.694
62.712094 45.694
63.166532 45.694
63.624262 45.694
64.085310 45.206
64.549699 45.206
65.017452 45.206
65.488596 45.206
65.963153 43.694
66.441149 43.694
66.922609 43.694
67.407558 43.694
67.896021 45.136
68.388023 45.136
68.883591 45.136
69.382750 45.136
69.885526 45.539
70.391945 45.539
70.902034 45.539
71.415820 45.539
71.933328 47.605
72.454587 47.605
72.979623 47.605
73.508463 47.605
74.041136 49.448
74.577668 49.448
75.118089 49.448
75.662425 49.448
76.210707 49.844
76.762961 49.844
77.319217 49.844
77.879504 49.844
78.443851 50.132
79.012287 50.132
79.584843 50.132
80.161547 50.132
80.742431 51.926
81.327524 51.926
81.916857 51.926
82.510460 51.926
83.108365 52.671
83.710602 52.671
84.317204 52.671
84.928201 52.671
85.543626 52.971
86.163510 52.971
86.787887 52.971
87.416787 52.971
88.050245 53.446
88.688294 53.446
89.330966 53.446
89.978295 53.446
90.630315 53.990
91.287059 53.990
91.948563 53.990
92.614860 53.990
93.285985 53.419
93.961974 53.419
94.642861 53.419
95.328683 53.419
96.019473 53.574
96.715270 53.574
97.416109 53.574
98.122026 53.574
98.833059 53.998
99.549244 53.998
100.270619 53.998
100.997221 53.998
101.729089 53.598
102.466259 53.598
103.208772 53.598
103.956665 53.598
104.709978 53.751
105.468750 53.751
106.233020 53.751
107.002828 53.751
107.778215 54.608
108.559220 54.608
109.345885 54.608
110.138250 54.608
110.936358 56.330
111.740248 56.330
112.549964 56.330
113.365548 56.330
114.187041 56.182
115.014487 56.182
115.847930 56.182
116.687412 56.182
117.532977 54.264
118.384669 54.264
119.242533 54.264
120.106614 54.264
120.976956 53.058
121.853605 53.058
122.736606 53.058
123.626006 53.058
124.521851 52.677
125.424188 52.677
126.333063 52.677
127.248525 52.677
128.170620 52.444
129.099397 52.444
130.034905 52.444
130.977191 52.444
131.926306 51.611
132.882298 51.611
133.845218 51.611
134.815116 51.611
135.792042 50.692
136.776047 50.692
137.767182 50.692
138.765500 50.692
139.771052 49.780
140.783891 49.780
141.804069 49.780
142.831640 49.780
143.866657 50.033
144.909174 50.033
145.959245 50.033
147.016926 50.033
148.082271 48.551
149.155337 48.551
150.236178 48.551
151.324851 48.551
152.421413 47.408
153.525922 47.408
154.638434 47.408
155.759008 47.408
156.887702 44.823
158.024575 44.823
159.169686 44.823
160.323095 44.823
161.484862 47.797
162.655048 47.797
163.833714 47.797
165.020920 47.797
166.216730 50.807
167.421205 50.807
168.634408 50.807
169.856402 50.807
171.087252 54.102
172.327020 54.102
173.575773 54.102
174.833575 54.102
176.100491 55.578
177.376588 55.578
178.661931 55.578
179.956589 55.578
181.260629 52.909
182.574118 52.909
183.897126 52.909
185.229720 52.909
186.571971 53.128
187.923948 53.128
189.285723 53.128
190.657365 53.128
192.038947 53.060
193.430540 53.060
194.832218 53.060
196.244052 53.060
197.666118 53.505
199.098488 53.505
200.541238 53.505
201.994442 53.505
203.458177 53.616
204.932519 53.616
206.417544 53.616
207.913331 53.616
209.419957 53.437
210.937500 53.437
212.466040 53.437
214.005657 53.437
215.556430 52.054
217.118441 52.054
218.691770 52.054
220.276501 52.054
221.872715 50.789
223.480496 50.788
225.099928 50.788
226.731095 50.788
228.374082 50.546
230.028975 50.546
231.695860 50.546
233.374823 50.546
235.065954 51.712
236.769338 51.712
238.485067 51.712
240.213228 51.712
241.953912 51.588
243.707209 51.588
245.473212 51.588
247.252012 51.588
249.043702 53.348
250.848376 53.348
252.666127 53.348
254.497049 53.348
256.341240 52.418
258.198794 52.418
260.069809 52.418
261.954382 52.418
263.852612 53.343
265.764596 53.343
267.690436 53.343
269.630232 53.343
271.584083 51.819
273.552094 51.819
275.534365 51.819
277.531000 51.819
279.542104 51.583
281.567782 51.583
283.608138 51.583
285.663279 51.583
287.733313 51.245
289.818348 51.245
291.918491 51.245
294.033852 51.245
296.164543 51.790
298.310673 51.790
300.472355 51.790
302.649702 51.790
304.842826 52.157
307.051843 52.157
309.276867 52.157
311.518015 52.157
313.775403 52.950
316.049149 52.950
318.339371 52.950
320.646190 52.950
322.969724 52.905
325.310096 52.905
327.667427 52.905
330.041840 52.905
332.433460 52.105
334.842409 52.105
337.268816 52.105
339.712804 52.105
342.174503 51.106
344.654041 51.106
347.151546 51.106
349.667149 51.106
352.200982 51.159
354.753175 51.159
357.323863 51.159
359.913179 51.159
362.521258 51.492
365.148237 51.492
367.794251 51.492
370.459440 51.492
373.143942 50.417
375.847897 50.417
378.571446 50.417
381.314730 50.133
384.077894 50.133
386.861081 50.133
389.664436 50.133
392.488105 48.085
395.332235 48.085
398.196976 48.085
401.082475 48.085
403.988884 45.696
406.916354 45.696
409.865038 45.696
412.835089 45.696
415.826662 41.534
418.839913 41.534
421.875000 41.534
424.932080 41.534
428.011313 37.098
431.112860 37.098
434.236881 37.098
437.383541 37.098
440.553002 40.202
443.745431 40.202
446.960993 40.202
450.199857 40.202
453.462190 42.344
456.748164 42.344
460.057950 42.344
463.391719 42.344
466.749647 45.984
470.131907 45.984
473.538677 45.984
476.970133 45.984
480.426455 48.019
483.907823 48.019
487.414419 48.019
490.946425 48.019
494.504025 48.900
498.087405 48.900
501.696752 48.900
505.332253 48.900
508.994099 49.443
512.682480 49.443
516.397589 49.443
520.139618 49.443
523.908764 48.950
527.705223 48.950
531.529193 48.950
535.380873 48.950
539.260463 47.016
543.168167 47.016
547.104187 47.016
551.068730 47.016
555.062001 44.959
559.084209 44.959
563.135563 44.959
567.216276 44.959
571.326559 50.466
575.466627 50.466
579.636695 50.466
583.836981 50.466
588.067705 53.472
592.329086 53.472
596.621347 53.472
600.944711 53.472
605.299404 55.120
609.685653 55.120
614.103687 55.120
618.553735 55.120
623.036030 55.056
627.550806 55.056
632.098298 55.056
636.678743 55.056
641.292380 53.577
645.939448 53.577
650.620192 53.577
655.334854 53.577
660.083681 49.492
664.866919 49.492
669.684819 49.492
674.537631 49.492
679.425609 46.230
684.349007 46.230
689.308082 46.230
694.303092 46.230
699.334299 45.874
704.401963 45.874
709.506350 45.874
714.647726 45.874
719.826358 44.283
725.042516 44.283
730.296473 44.283
735.588503 44.283
740.918880 39.997
746.287884 39.997
751.695793 39.997
757.142891 39.997
762.629461 42.994
768.155788 42.994
773.722161 42.994
779.328871 42.994
784.976209 47.792
790.664471 47.792
796.393951 47.792
802.164950 47.792
807.977768 50.964
813.832708 50.964
819.730075 50.964
825.670177 50.964
831.653324 51.508
837.679827 51.508
843.750000 51.508
849.864160 51.508
856.022626 52.148
862.225719 52.148
868.473762 52.148
874.767081 52.148
881.106004 50.869
887.490861 50.869
893.921986 50.869
900.399713 50.869
906.924381 49.989
913.496328 49.989
920.115899 49.989
926.783439 49.989
933.499293 52.239
940.263814 52.239
947.077353 52.239
953.940266 52.239
960.852911 50.084
967.815647 50.084
974.828838 50.084
981.892850 50.084
989.008050 47.297
996.174810 47.297
1003.393503 47.297
1010.664506 47.297
1017.988198 47.403
1025.364960 47.403
1032.795177 47.403
1040.279237 47.403
1047.817529 48.576
1055.410447 48.576
1063.058386 48.576
1070.761745 48.576
1078.520926 50.275
1086.336333 50.275
1094.208374 50.275
1102.137459 50.275
1110.124002 49.676
1118.168418 49.676
1126.271127 49.676
1134.432552 49.676
1142.653118 48.872
1150.933253 48.872
1159.273390 48.872
1167.673963 48.872
1176.135410 48.868
1184.658172 48.868
1193.242693 48.868
1201.889422 48.868
1210.598808 50.577
1219.371306 50.577
1228.207373 50.577
1237.107470 50.577
1246.072061 49.191
1255.101612 49.191
1264.196596 49.191
1273.357486 49.191
1282.584759 49.220
1291.878897 49.220
1301.240384 49.220
1310.669708 49.220
1320.167361 47.621
1329.733838 47.621
1339.369638 47.621
1349.075262 47.621
1358.851218 45.913
1368.698014 45.913
1378.616164 45.913
1388.606185 45.913
1398.668598 50.901
1408.803927 50.901
1419.012701 50.901
1429.295452 50.901
1439.652716 46.523
1450.085033 46.523
1460.592947 46.523
1471.177005 46.523
1481.837760 49.207
1492.575768 49.207
1503.391587 49.207
1514.285782 49.207
1525.258921 47.428
1536.311576 47.428
1547.444323 47.428
1558.657742 47.428
1569.952419 46.892
1581.328941 46.892
1592.787903 46.892
1604.329900 46.892
1615.955536 43.095
1627.665416 43.095
1639.460151 43.095
1651.340355 43.095
1663.306648 46.342
1675.359653 46.342
1687.500000 46.342
1699.728321 46.342
1712.045253 43.617
1724.451438 43.617
1736.947524 43.617
1749.534162 43.617
1762.212008 45.421
1774.981722 45.421
1787.843972 45.421
1800.799426 45.421
1813.848761 45.757
1826.992657 45.757
1840.231799 45.757
1853.566877 45.757
1866.998587 44.481
1880.527628 44.481
1894.154707 44.481
1907.880532 44.481
1921.705821 43.994
1935.631294 43.994
1949.657676 43.994
1963.785699 43.994
1978.016100 47.961
1992.349620 47.961
2006.787007 47.961
2021.329012 47.961
2035.976396 44.561
2050.729920 44.561
2065.590354 44.561
2080.558474 44.561
2095.635058 45.049
2110.820893 45.049
2126.116772 45.049
2141.523490 45.049
2157.041852 40.587
2172.672667 40.587
2188.416748 40.587
2204.274918 40.587
2220.248003 35.272
2236.336835 35.272
2252.542254 35.272
2268.865104 35.272
2285.306235 35.641
2301.866506 35.641
2318.546780 35.641
2335.347926 35.641
2352.270820 36.493
2369.316344 36.493
2386.485387 36.493
2403.778843 36.493
2421.197616 37.491
2438.742612 37.491
2456.414746 37.491
2474.214940 37.491
2492.144121 35.673
2510.203225 35.673
2528.393192 35.673
2546.714972 35.673
2565.169518 38.305
2583.757794 38.305
2602.480768 38.305
2621.339416 38.305
2640.334722 39.320
2659.467676 39.320
2678.739275 39.320
2698.150524 39.320
2717.702435 37.943
2737.396027 37.943
2757.232327 37.943
2777.212369 37.943
2797.337195 36.402
2817.607853 36.402
2838.025401 36.402
2858.590903 36.402
2879.305432 36.083
2900.170066 36.083
2921.185893 36.083
2942.354011 36.083
2963.675521 33.169
2985.151535 33.169
3006.783174 33.169
3028.571564 33.169
3050.517842 31.363
3072.623152 31.363
3094.888646 31.363
3117.315485 28.888
3139.904838 28.888
3162.657883 28.888
3185.575805 28.888
3208.659801 26.613
3231.911072 26.613
3255.330832 26.613
3278.920301 26.613
3302.680710 27.571
3326.613295 27.571
3350.719307 27.571
3375.000000 27.571
3399.456641 27.083
3424.090505 27.083
3448.902877 27.083
3473.895049 27.083
3499.068324 24.580
3524.424016 24.580
3549.963445 24.580
3575.687943 24.580
3601.598852 27.046
3627.697522 27.046
3653.985314 27.046
3680.463598 27.046
3707.133754 27.833
3733.997173 27.833
3761.055256 27.833
3788.309413 27.833
3815.761065 28.747
3843.411642 28.747
3871.262587 28.747
3899.315352 28.747
3927.571398 27.595
3956.032200 27.595
3984.699240 27.595
4013.574013 27.595
4042.658025 26.118
4071.952791 26.118
4101.459840 26.118
4131.180709 26.118
4161.116947 23.499
4191.270116 23.499
4221.641787 23.499
4252.233543 23.499
4283.046981 21.481
4314.083705 21.481
4345.345333 21.481
4376.833497 21.481
4408.549837 22.410
4440.496006 22.410
4472.673671 22.410
4505.084508 22.410
4537.730207 22.222
4570.612471 22.222
4603.733013 22.222
4637.093560 22.222
4670.695852 19.652
4704.541639 19.652
4738.632687 19.652
4772.970773 19.652
4807.557687 18.792
4842.395232 18.792
4877.485224 18.792
4912.829492 18.792
4948.429880 20.375
4984.288243 20.375
5020.406450 20.375
5056.786384 20.375
5093.429943 18.312
5130.339036 18.312
5167.515588 18.312
5204.961536 18.312
5242.678833 15.065
5280.669445 15.065
5318.935352 15.065
5357.478550 15.065
5396.301048 14.200
5435.404870 14.200
5474.792055 14.200
5514.464655 14.200
5554.424739 13.857
5594.674390 13.857
5635.215707 13.857
5676.050803 13.857
5717.181807 13.317
5758.610863 13.317
5800.340131 13.317
5842.371787 13.317
5884.708021 13.380
5927.351041 13.380
5970.303070 13.380
6013.566347 13.380
6057.143128 13.025
6101.035684 13.025
6145.246304 13.025
6189.777292 13.025
6234.630969 12.670
6279.809676 12.670
6325.315765 12.670
6371.151611 12.670
6417.319602 12.645
6463.822145 12.645
6510.661665 12.645
6557.840603 12.645
6605.361419 12.064
6653.226591 12.064
6701.438613 12.064
6750.000000 12.064
6798.913283 11.258
6848.181011 11.258
6897.805753 11.258
6947.790097 11.258
6998.136648 11.770
7048.848031 11.770
7099.926890 11.770
7151.375887 11.770
7203.197705 10.845
7255.395044 10.845
7307.970628 10.845
7360.927195 10.845
7414.267508 10.688
7467.994347 10.688
7522.110513 10.688
7576.618826 10.688
7631.522129 10.725
7686.823285 10.725
7742.525175 10.725
7798.630704 10.725
7855.142797 11.283
7912.064400 11.283
7969.398480 11.283
8027.148026 11.283
8085.316050 10.899
8143.905583 10.899
8202.919680 10.899
8262.361417 10.899
8322.233894 10.949
8382.540231 10.949
8443.283573 10.949
8504.467087 10.949
8566.093961 11.046
8628.167409 11.046
8690.690667 11.046
8753.666994 11.046
8817.099673 11.607
8880.992012 11.607
8945.347341 11.607
9010.169016 11.607
9075.460415 11.486
9141.224942 11.486
9207.466026 11.486
9274.187120 11.486
9341.391703 11.348
9409.083278 11.348
9477.265374 11.348
9545.941546 11.348
9615.115374 12.242
9684.790463 12.242
9754.970447 12.242
9825.658984 12.242
9896.859760 12.151
9968.576485 12.151
10040.812900 12.151
10113.572769 12.151
10186.859886 11.971
10260.678072 11.971
10335.031175 11.971
10409.923072 11.971
10485.357665 12.329
10561.338889 12.329
10637.870704 12.329
10714.957101 12.329
10792.602097 13.007
10870.809741 13.007
10949.584109 13.007
11028.929309 13.007
11108.849478 12.756
11189.348780 12.756
11270.431414 12.756
11352.101606 12.756
11434.363614 13.176
11517.221726 13.176
11600.680262 13.176
11684.743574 13.176
11769.416042 13.672
11854.702083 13.672
11940.606141 13.672
12027.132695 13.672
12114.286256 13.534
12202.071368 13.534
12290.492607 13.534
12379.554583 13.534
12469.261939 13.982
12559.619351 13.982
12650.631530 13.982
12742.303221 13.982
12834.639203 14.620
12927.644289 14.620
13021.323329 14.620
13115.681206 14.620
13210.722838 14.607
13306.453182 14.607
13402.877227 14.607
13500.000000 14.607
13597.826565 14.946
13696.362022 14.946
13795.611507 14.946
13895.580195 14.946
13996.273297 15.285
14097.696063 15.285
14199.853780 15.285
14302.751774 15.285
14406.395409 15.646
14510.790089 15.646
14615.941256 15.646
14721.854391 15.646
14828.535017 16.178
14935.988694 16.178
15044.221025 16.178
15153.237652 16.178
15263.044259 16.387
15373.646569 16.387
15485.050350 16.387
15597.261408 16.387
15710.285593 17.003
15824.128799 17.003
15938.796959 17.003
16054.296053 17.003
16170.632100 17.075
16287.811166 17.075
16405.839360 17.075
16524.722835 17.075
16644.467788 17.575
16765.080463 17.575
16886.567147 17.575
17008.934174 17.575
17132.187922 17.902
17256.334818 17.902
17381.381334 17.902
17507.333988 17.902
17634.199347 18.285
17761.984025 18.285
17890.694683 18.285
18020.338031 18.285
18150.920829 18.451
18282.449884 18.451
18414.932052 18.451
18548.374241 18.451
18682.783407 18.880
18818.166557 18.880
18954.530749 18.880
19091.883092 18.880
19230.230747 19.321
19369.580926 19.321
19509.940894 19.321
19651.317968 19.321
19793.719519 19.619
19937.152970 19.619
20081.625799 19.619
20227.145538 19.619
20373.719773 19.605
20521.356145 19.605
20670.062351 19.605
20819.846143 19.605
20970.715331 19.721
21122.677779 19.721
21275.741409 19.721
21429.914202 19.721
21585.204194 19.443
21741.619481 19.443
21899.168218 19.443
22057.858619 19.443
22217.698955 19.091
22378.697560 19.091
22540.862828 19.091
22704.203212 19.091
22868.727228 18.213
23034.443452 18.213
23201.360525 18.213
23369.487147 18.213
