* Measurement data measured by REW V5.40 beta 127
* Source: EXCL: Microphone (Umik-1  Gain: 18dB  ), MICROPHONE (Master Volume), R, volume: 0.900
* Format: 65536-point 1/24 octave RTA using Hann window, no smoothing and 28 averages 
* Dated: Jul 2, 2026, 8:37:54 PM
* REW Settings:
*  C-weighting compensation: Off
*  Target level: 75.0 dB
* Note: ; 65536-point 1/24 octave RTA using Hann window, no smoothing and 28 averages  Input RMS 76.14 dB 70.0 dB C, 65.2 dB A 70.7 dB 22 - 22k UNW 21.9 dB >22k 
* Measurement: Front L High
* Smoothing: 1/48 octave
* Frequency Step: 96 ppo
* Start Frequency: 3.2958984 Hz
*
* Freq(Hz) SPL(dB)
3.295898 45.302
3.319782 45.302
3.343838 45.302
3.368069 45.302
3.392476 45.302
3.417059 45.302
3.441820 45.302
3.466761 45.302
3.491883 45.302
3.517186 45.302
3.542673 45.302
3.568345 45.302
3.594203 45.302
3.620248 45.302
3.646482 45.302
3.672906 45.302
3.699521 45.302
3.726329 45.302
3.753332 45.302
3.780530 45.302
3.807925 45.302
3.835519 45.302
3.863313 45.302
3.891308 45.302
3.919506 45.302
3.947908 45.306
3.976516 45.331
4.005332 45.495
4.034356 46.111
4.063591 46.248
4.093037 46.269
4.122697 46.272
4.152572 46.272
4.182663 46.272
4.212972 46.272
4.243501 46.272
4.274251 46.272
4.305224 46.272
4.336422 46.272
4.367845 46.272
4.399497 46.272
4.431377 46.272
4.463489 46.272
4.495833 46.272
4.528412 46.272
4.561226 46.272
4.594279 46.272
4.627571 46.274
4.661104 46.288
4.694881 46.401
4.728902 47.073
4.763169 49.094
4.797685 49.469
4.832451 49.524
4.867469 49.530
4.902741 49.531
4.938268 49.531
4.974053 49.531
5.010097 49.531
5.046402 49.531
5.082970 49.531
5.119804 49.531
5.156904 49.531
5.194273 49.531
5.231913 49.531
5.269825 49.531
5.308013 49.531
5.346477 49.531
5.385219 49.534
5.424243 49.555
5.463549 49.689
5.503140 50.202
5.543018 50.318
5.583185 50.336
5.623643 50.338
5.664395 50.338
5.705441 50.338
5.746785 50.338
5.788429 50.338
5.830374 50.338
5.872623 50.338
5.915179 50.338
5.958043 50.338
6.001217 50.338
6.044704 50.338
6.088507 50.338
6.132627 50.341
6.177066 50.359
6.221828 50.476
6.266914 50.929
6.312326 51.032
6.358068 51.048
6.404141 51.050
6.450548 51.050
6.497292 51.050
6.544374 51.050
6.591797 51.050
6.639564 51.050
6.687677 51.050
6.736138 51.050
6.784951 51.051
6.834118 51.064
6.883641 51.167
6.933522 51.780
6.983766 53.669
7.034373 54.025
7.085347 54.077
7.136690 54.083
7.188405 54.084
7.240496 54.084
7.292963 54.084
7.345811 54.084
7.399042 54.084
7.452658 54.084
7.506663 54.084
7.561060 54.088
7.615850 54.122
7.671038 54.332
7.726625 55.108
7.782616 55.277
7.839012 55.302
7.895816 55.305
7.953033 55.305
8.010664 55.305
8.068712 55.305
8.127182 55.306
8.186074 55.306
8.245394 55.312
8.305144 55.361
8.365326 55.664
8.425945 56.731
8.487003 56.954
8.548503 56.988
8.610449 56.992
8.672844 56.992
8.735691 56.992
8.798993 56.992
8.862754 56.992
8.926977 56.992
8.991666 56.994
9.056823 57.004
9.122453 57.071
9.188558 57.338
9.255142 57.400
9.322209 57.410
9.389761 57.411
9.457803 57.411
9.526338 57.411
9.595370 57.411
9.664902 57.412
9.734938 57.417
9.805481 57.459
9.876536 57.723
9.948105 58.669
10.020193 58.870
10.092804 58.900
10.165940 58.904
10.239607 58.904
10.313808 58.904
10.388546 58.904
10.463825 58.903
10.539650 58.890
10.616025 58.807
10.692953 58.445
10.770439 58.352
10.848486 58.338
10.927098 58.336
11.006281 58.336
11.086037 58.337
11.166371 58.348
11.247287 58.438
11.328789 58.977
11.410882 60.689
11.493570 61.019
11.576858 61.067
11.660748 61.073
11.745247 61.075
11.830358 61.084
11.916085 61.156
12.002434 61.599
12.089409 63.064
12.177014 63.354
12.265253 63.397
12.354132 63.403
12.443655 63.403
12.533827 63.403
12.624653 63.400
12.716136 63.372
12.808282 63.189
12.901097 62.338
12.994583 62.105
13.088747 62.068
13.183594 62.062
13.279128 62.054
13.375354 61.986
13.472277 61.517
13.569903 58.752
13.668236 57.698
13.767281 57.511
13.867045 57.487
13.967531 57.484
14.068746 57.479
14.170693 57.442
14.273380 57.193
14.376811 55.979
14.480991 55.626
14.585926 55.569
14.691622 55.562
14.798084 55.563
14.905317 55.580
15.013327 55.688
15.122119 56.107
15.231701 56.202
15.342076 56.218
15.453251 56.233
15.565231 56.337
15.678023 56.961
15.791633 58.872
15.906066 59.231
16.021327 59.283
16.137425 59.281
16.254363 59.213
16.372149 58.736
16.490788 55.898
16.610287 54.802
16.730652 54.605
16.851889 54.573
16.974005 54.504
17.097006 54.045
17.220898 51.370
17.345688 50.368
17.471382 50.192
17.597986 50.177
17.725509 50.235
17.853955 50.611
17.983332 51.891
18.113647 52.151
18.244906 52.190
18.377116 52.194
18.510284 52.193
18.644417 52.177
18.779522 52.114
18.915606 52.098
19.052677 52.089
19.190740 52.037
19.329804 51.688
19.469876 49.841
19.610963 49.247
19.753072 49.170
19.896211 49.339
20.040387 50.363
20.185608 53.078
20.331881 53.550
20.479214 53.692
20.627615 54.271
20.777091 56.831
20.927651 61.364
21.079301 61.996
21.232050 62.083
21.385906 62.075
21.540878 61.952
21.696972 61.397
21.854197 61.251
22.012561 61.217
22.172073 61.123
22.332741 60.478
22.494574 55.781
22.657579 53.006
22.821765 52.334
22.987141 52.037
23.153715 51.028
23.321496 50.746
23.490494 50.700
23.660715 50.689
23.832171 50.662
24.004868 50.656
24.178818 50.651
24.354027 50.625
24.530507 50.451
24.708265 49.647
24.887311 49.431
25.067655 49.424
25.249305 49.598
25.432272 50.262
25.616565 50.414
25.802193 50.479
25.989166 50.749
26.177495 51.708
26.367188 51.939
26.558255 52.152
26.750707 52.838
26.944554 52.982
27.139805 52.956
27.336471 52.622
27.534563 50.861
27.734089 50.297
27.935062 50.171
28.137491 49.930
28.341387 48.828
28.546760 48.528
28.753622 48.578
28.961982 48.964
29.171853 49.054
29.383244 49.078
29.596167 49.148
29.810633 49.415
30.026653 49.458
30.244239 49.330
30.463401 48.714
30.684152 48.563
30.906502 48.619
31.130463 48.938
31.356047 49.015
31.583266 49.045
31.812131 49.169
32.042655 49.639
32.274849 49.727
32.508726 49.618
32.744298 49.060
32.981576 48.905
33.220575 48.828
33.461305 48.592
33.703779 48.518
33.948010 48.405
34.194012 47.944
34.441796 47.819
34.691375 47.766
34.942763 47.618
35.195973 47.585
35.451017 47.605
35.707910 47.709
35.966664 47.727
36.227293 47.690
36.489811 47.518
36.754232 47.478
37.020568 47.486
37.288834 47.480
37.559044 47.421
37.831213 47.166
38.105353 47.081
38.381480 46.924
38.659608 46.261
38.939752 46.155
39.221925 46.418
39.506144 46.522
39.792421 46.787
40.080774 47.714
40.371216 47.986
40.663762 48.353
40.958428 48.902
41.255230 51.235
41.554182 55.848
41.855301 58.766
42.158602 63.184
42.464101 63.875
42.771813 64.379
43.081755 65.740
43.393943 65.471
43.708394 61.884
44.025123 59.630
44.344147 53.835
44.665483 49.407
44.989147 48.203
45.315157 48.606
45.643530 48.735
45.974281 48.840
46.307430 49.146
46.642993 50.169
46.980987 50.120
47.321431 48.807
47.664341 48.334
48.009737 47.895
48.357635 47.637
48.708054 46.885
49.061013 46.655
49.416529 46.419
49.774622 45.442
50.135309 45.056
50.498611 44.468
50.864544 44.145
51.233130 44.076
51.604386 44.068
51.978333 44.075
52.354989 44.108
52.734375 44.116
53.116510 44.116
53.501414 44.108
53.889107 44.073
54.279610 44.061
54.672943 44.033
55.069125 43.853
55.468179 43.018
55.870124 42.789
56.274982 42.750
56.682774 42.727
57.093521 42.648
57.507244 42.633
57.923965 42.661
58.343706 42.858
58.766488 43.591
59.192335 43.746
59.621267 43.731
60.053307 43.470
60.488478 42.166
60.926802 41.782
61.368303 41.726
61.813003 41.761
62.260926 41.933
62.712094 41.977
63.166532 42.004
63.624262 42.143
64.085310 42.671
64.549699 42.790
65.017452 42.812
65.488596 42.844
65.963153 42.964
66.441149 42.992
66.922609 42.991
67.407558 42.961
67.896021 42.834
68.388023 42.802
68.883591 42.797
69.382750 42.796
69.885526 42.792
70.391945 42.789
70.902034 42.779
71.415820 42.712
71.933328 42.422
72.454587 42.347
72.979623 42.322
73.508463 42.231
74.041136 41.839
74.577668 41.736
75.118089 41.699
75.662425 41.559
76.210707 40.939
76.762961 40.777
77.319217 40.779
77.879504 40.951
78.443851 41.609
79.012287 41.761
79.584843 41.839
80.161547 42.190
80.742431 43.391
81.327524 43.638
81.916857 43.674
82.510460 43.676
83.108365 43.667
83.710602 43.664
84.317204 43.659
84.928201 43.630
85.543626 43.507
86.163510 43.473
86.787887 43.430
87.416787 43.175
88.050245 41.930
88.688294 41.563
89.330966 41.479
89.978295 41.304
90.630315 40.537
91.287059 40.344
91.948563 40.436
92.614860 41.171
93.285985 43.336
93.961974 43.729
94.642861 43.779
95.328683 43.736
96.019473 43.523
96.715270 43.470
97.416109 43.457
98.122026 43.428
98.833059 43.309
99.549244 43.280
100.270619 43.277
100.997221 43.284
101.729089 43.317
102.466259 43.328
103.208772 43.360
103.956665 43.555
104.709978 44.278
105.468750 44.438
106.233020 44.476
107.002828 44.572
107.778215 44.937
108.559220 45.014
109.345885 44.975
110.138250 44.620
110.936358 42.723
111.740248 42.113
112.549964 42.076
113.365548 42.472
114.187041 43.842
115.014487 44.114
115.847930 44.124
116.687412 43.922
117.532977 42.943
118.384669 42.668
119.242533 42.622
120.106614 42.596
120.976956 42.511
121.853605 42.488
122.736606 42.467
123.626006 42.350
124.521851 41.832
125.424188 41.702
126.333063 41.727
127.248525 42.016
128.170620 43.047
129.099397 43.257
130.034905 43.238
130.977191 42.889
131.926306 41.020
132.882298 40.414
133.845218 40.306
134.815116 40.248
135.792042 40.050
136.776047 40.000
137.767182 39.980
138.765500 39.900
139.771052 39.557
140.783891 39.467
141.804069 39.436
142.831640 39.313
143.866657 38.776
144.909174 38.636
145.959245 38.618
147.016926 38.638
148.082271 38.733
149.155337 38.757
150.236178 38.770
151.324851 38.828
152.421413 39.062
153.525922 39.115
154.638434 39.106
155.759008 38.996
156.887702 38.502
158.024575 38.372
159.169686 38.335
160.323095 38.221
161.484862 37.729
162.655048 37.604
163.833714 37.603
165.020920 37.719
166.216730 38.180
167.421205 38.281
168.634408 38.271
169.856402 38.098
171.087252 37.290
172.327020 37.075
173.575773 37.092
174.833575 37.411
176.100491 38.538
177.376588 38.769
178.661931 38.780
179.956589 38.628
181.260629 37.917
182.574118 37.726
183.897126 37.698
185.229720 37.714
186.571971 37.791
187.923948 37.810
189.285723 37.819
190.657365 37.860
192.038947 38.022
193.430540 38.057
194.832218 38.027
196.244052 37.790
197.666118 36.642
199.098488 36.315
200.541238 36.290
201.994442 36.460
203.458177 37.123
204.932519 37.269
206.417544 37.291
207.913331 37.290
209.419957 37.274
210.937500 37.267
212.466040 37.243
214.005657 37.087
215.556430 36.375
217.118441 36.181
218.691770 36.124
220.276501 35.946
221.872715 35.136
223.480496 34.918
225.099928 34.906
226.731095 35.048
228.374082 35.603
230.028975 35.723
231.695860 35.707
233.374823 35.475
235.065954 34.346
236.769338 34.024
238.485067 33.983
240.213228 34.048
241.953912 34.329
243.707209 34.395
245.473212 34.409
247.252012 34.441
249.043702 34.565
250.848376 34.592
252.666127 34.580
254.497049 34.472
256.341240 33.993
258.198794 33.866
260.069809 33.825
261.954382 33.680
263.852612 33.034
265.764596 32.864
267.690436 32.849
269.630232 32.922
271.584083 33.223
273.552094 33.296
275.534365 33.335
277.531000 33.514
279.542104 34.181
281.567782 34.327
283.608138 34.339
285.663279 34.271
287.733313 33.970
289.818348 33.899
291.918491 33.930
294.033852 34.201
296.164543 35.175
298.310673 35.380
300.472355 35.409
302.649702 35.401
304.842826 35.348
307.051843 35.334
309.276867 35.317
311.518015 35.216
313.775403 34.773
316.049149 34.652
318.339371 34.577
320.646190 34.184
322.969724 32.038
325.310096 31.304
327.667427 31.140
330.041840 30.851
332.433460 29.491
334.842409 29.085
337.268816 29.002
339.712804 28.878
342.174503 28.367
344.654041 28.232
347.151546 28.198
349.667149 28.110
352.200982 27.736
354.753175 27.641
357.323863 27.628
359.913179 27.641
362.521258 27.701
365.148237 27.719
367.794251 27.748
370.459440 27.922
373.143942 28.573
375.847897 28.689
378.571446 28.519
381.314730 27.624
384.077894 27.382
386.861081 27.385
389.664436 27.652
392.488105 28.623
395.332235 28.823
398.196976 28.809
401.082475 28.507
403.988884 26.949
406.916354 26.465
409.865038 26.351
412.835089 26.096
415.826662 24.905
418.839913 24.558
421.875000 24.482
424.932080 24.344
428.011313 23.754
431.112860 23.597
434.236881 23.559
437.383541 23.468
440.553002 23.083
443.745431 22.989
446.960993 23.008
450.199857 23.219
453.462190 24.005
456.748164 24.173
460.057950 24.172
463.391719 24.003
466.749647 23.206
470.131907 22.987
473.538677 22.934
476.970133 22.804
480.426455 22.244
483.907823 22.097
487.414419 22.075
490.946425 22.081
494.504025 22.114
498.087405 22.126
501.696752 22.161
505.332253 22.373
508.994099 23.153
512.682480 23.326
516.397589 23.381
520.139618 23.573
523.908764 24.276
527.705223 24.440
531.529193 24.543
535.380873 25.033
539.260463 26.613
543.168167 26.919
547.104187 26.934
551.068730 26.738
555.062001 25.792
559.084209 25.525
563.135563 25.458
567.216276 25.288
571.326559 24.531
575.466627 24.320
579.636695 24.235
583.836981 23.869
588.067705 21.940
592.329086 21.304
596.621347 21.153
600.944711 20.832
605.299404 19.261
609.685653 18.784
614.103687 18.754
618.553735 19.052
623.036030 20.132
627.550806 20.353
632.098298 20.355
636.678743 20.146
641.292380 19.136
645.939448 18.850
650.620192 18.793
655.334854 18.713
660.083681 18.389
664.866919 18.305
669.684819 18.280
674.537631 18.196
679.425609 17.838
684.349007 17.741
689.308082 17.677
694.303092 17.336
699.334299 15.558
704.401963 14.989
709.506350 14.884
714.647726 14.795
719.826358 14.458
725.042516 14.374
730.296473 14.367
735.588503 14.408
740.918880 14.581
746.287884 14.619
751.695793 14.602
757.142891 14.449
762.629461 13.747
768.155788 13.556
773.722161 13.505
779.328871 13.364
784.976209 12.742
790.664471 12.580
796.393951 12.582
802.164950 12.754
807.977768 13.410
813.832708 13.555
819.730075 13.571
825.670177 13.537
831.653324 13.382
837.679827 13.347
843.750000 13.376
849.864160 13.591
856.022626 14.384
862.225719 14.557
868.473762 14.593
874.767081 14.662
881.106004 14.925
887.490861 14.989
893.921986 15.022
900.399713 15.173
906.924381 15.745
913.496328 15.880
920.115899 15.961
926.783439 16.345
933.499293 17.643
940.263814 17.913
947.077353 18.007
953.940266 18.353
960.852911 19.533
967.815647 19.772
974.828838 19.770
981.892850 19.516
989.008050 18.249
996.174810 17.882
1003.393503 17.869
1010.664506 18.152
1017.988198 19.182
1025.364960 19.415
1032.795177 19.582
1040.279237 20.373
1047.817529 22.640
1055.410447 23.045
1063.058386 23.084
1070.761745 22.962
1078.520926 22.383
1086.336333 22.233
1094.208374 22.232
1102.137459 22.378
1110.124002 22.945
1118.168418 23.084
1126.271127 23.200
1134.432552 23.782
1142.653118 25.593
1150.933253 25.949
1159.273390 26.096
1167.673963 26.682
1176.135410 28.492
1184.658172 28.839
1193.242693 28.915
1201.889422 29.083
1210.598808 29.695
1219.371306 29.833
1228.207373 29.874
1237.107470 30.011
1246.072061 30.528
1255.101612 30.659
1264.196596 30.793
1273.357486 31.486
1282.584759 33.549
1291.878897 33.929
1301.240384 33.983
1310.669708 33.982
1320.167361 33.949
1329.733838 33.946
1339.369638 33.982
1349.075262 34.218
1358.851218 35.076
1368.698014 35.256
1378.616164 35.244
1388.606185 34.984
1398.668598 33.687
1408.803927 33.306
1419.012701 33.264
1429.295452 33.380
1439.652716 33.857
1450.085033 33.969
1460.592947 34.027
1471.177005 34.285
1481.837760 35.211
1492.575768 35.420
1503.391587 35.543
1514.285782 36.109
1525.258921 37.877
1536.311576 38.217
1547.444323 38.280
1558.657742 38.377
1569.952419 38.732
1581.328941 38.818
1592.787903 38.865
1604.329900 39.087
1615.955536 39.894
1627.665416 40.069
1639.460151 40.095
1651.340355 40.094
1663.306648 40.078
1675.359653 40.075
1687.500000 40.084
1699.728321 40.151
1712.045253 40.414
1724.451438 40.473
1736.947524 40.468
1749.534162 40.371
1762.212008 39.939
1774.981722 39.829
1787.843972 39.815
1800.799426 39.840
1813.848761 39.948
1826.992657 39.981
1840.231799 40.043
1853.566877 40.404
1866.998587 41.640
1880.527628 41.891
1894.154707 41.910
1907.880532 41.796
1921.705821 41.264
1935.631294 41.129
1949.657676 41.135
1963.785699 41.312
1978.016100 41.984
1992.349620 42.133
2006.787007 42.164
2021.329012 42.225
2035.976396 42.457
2050.729920 42.511
2065.590354 42.517
2080.558474 42.500
2095.635058 42.428
2110.820893 42.419
2126.116772 42.489
2141.523490 42.937
2157.041852 44.415
2172.672667 44.718
2188.416748 44.847
2204.274918 45.369
2220.248003 47.025
2236.336835 47.347
2252.542254 47.407
2268.865104 47.492
2285.306235 47.808
2301.866506 47.888
2318.546780 47.952
2335.347926 48.281
2352.270820 49.421
2369.316344 49.656
2386.485387 49.679
2403.778843 49.605
2421.197616 49.269
2438.742612 49.184
2456.414746 49.179
2474.214940 49.229
2492.144121 49.437
2510.203225 49.478
2528.393192 49.417
2546.714972 48.942
2565.169518 46.121
2583.757794 45.035
2602.480768 44.853
2621.339416 44.904
2640.334722 45.201
2659.467676 45.266
2678.739275 45.243
2698.150524 45.020
2717.702435 43.947
2737.396027 43.637
2757.232327 43.549
2777.212369 43.278
2797.337195 41.969
2817.607853 41.578
2838.025401 41.474
2858.590903 41.182
2879.305432 39.760
2900.170066 39.340
2921.185893 39.327
2942.354011 39.673
2963.675521 40.890
2985.151535 41.144
3006.783174 41.217
3028.571564 41.449
3050.517842 42.287
3072.623152 42.522
3094.888646 42.897
3117.315485 44.102
3139.904838 44.354
3162.657883 44.435
3185.575805 44.718
3208.659801 45.708
3231.911072 45.918
3255.330832 45.954
3278.920301 45.994
3302.680710 46.141
3326.613295 46.173
3350.719307 46.155
3375.000000 46.007
3399.456641 45.329
3424.090505 45.154
3448.902877 45.175
3473.895049 45.477
3499.068324 46.552
3524.424016 46.781
3549.963445 46.847
3575.687943 47.057
3601.598852 47.817
3627.697522 47.984
3653.985314 48.022
3680.463598 48.109
3707.133754 48.443
3733.997173 48.524
3761.055256 48.575
3788.309413 48.821
3815.761065 49.707
3843.411642 49.894
3871.262587 49.899
3899.315352 49.750
3927.571398 49.053
3956.032200 48.859
3984.699240 48.775
4013.574013 48.397
4042.658025 46.375
4071.952791 45.696
4101.459840 45.521
4131.180709 45.080
4161.116947 42.665
4191.270116 41.796
4221.641787 41.581
4252.233543 41.107
4283.046981 38.454
4314.083705 37.462
4345.345333 37.268
4376.833497 37.110
4408.549837 36.497
4440.496006 36.331
4472.673671 36.268
4505.084508 36.015
4537.730207 34.797
4570.612471 34.471
4603.733013 34.638
4637.093560 35.865
4670.695852 38.925
4704.541639 39.448
4738.632687 39.701
4772.970773 40.729
4807.557687 43.437
4842.395232 43.899
4877.485224 43.973
4912.829492 44.027
4948.429880 44.213
4984.288243 44.262
5020.406450 44.304
5056.786384 44.534
5093.429943 45.371
5130.339036 45.557
5167.515588 45.628
5204.961536 45.908
5242.678833 46.895
5280.669445 47.105
5318.935352 47.142
5357.478550 47.185
5396.301048 47.345
5435.404870 47.386
5474.792055 47.419
5514.464655 47.594
5554.424739 48.248
5594.674390 48.393
5635.215707 48.414
5676.050803 48.412
5717.181807 48.392
5758.610863 48.385
5800.340131 48.370
5842.371787 48.272
5884.708021 47.845
5927.351041 47.737
5970.303070 47.745
6013.566347 47.897
6057.143128 48.484
6101.035684 48.615
6145.246304 48.637
6189.777292 48.656
6234.630969 48.723
6279.809676 48.737
6325.315765 48.722
6371.151611 48.611
6417.319602 48.116
6463.822145 47.988
6510.661665 47.978
6557.840603 48.042
6605.361419 48.305
6653.226591 48.363
6701.438613 48.351
6750.000000 48.208
6798.913283 47.557
6848.181011 47.382
6897.805753 47.333
6947.790097 47.185
6998.136648 46.532
7048.848031 46.354
7099.926890 46.297
7151.375887 46.093
7203.197705 45.151
7255.395044 44.885
7307.970628 44.820
7360.927195 44.659
7414.267508 43.945
7467.994347 43.767
7522.110513 43.856
7576.618826 44.556
7631.522129 46.646
7686.823285 47.040
7742.525175 47.176
7798.630704 47.668
7855.142797 49.246
7912.064400 49.561
7969.398480 49.659
8027.148026 49.993
8085.316050 51.137
8143.905583 51.370
8202.919680 51.367
8262.361417 51.117
8322.233894 49.870
8382.540231 49.499
8443.283573 49.390
8504.467087 49.036
8566.093961 47.215
8628.167409 46.637
8690.690667 46.601
8753.666994 46.969
8817.099673 48.258
8880.992012 48.520
8945.347341 48.566
9010.169016 48.616
9075.460415 48.796
9141.224942 48.832
9207.466026 48.790
9274.187120 48.459
9341.391703 46.735
9409.083278 46.187
9477.265374 46.073
9545.941546 45.900
9615.115374 45.161
9684.790463 44.958
9754.970447 44.890
9825.658984 44.644
9896.859760 43.465
9968.576485 43.126
10040.812900 43.082
10113.572769 43.142
10186.859886 43.410
10260.678072 43.476
10335.031175 43.515
10409.923072 43.706
10485.357665 44.413
10561.338889 44.574
10637.870704 44.650
10714.957101 44.980
10792.602097 46.119
10870.809741 46.356
10949.584109 46.397
11028.929309 46.441
11108.849478 46.601
11189.348780 46.638
11270.431414 46.643
11352.101606 46.635
11434.363614 46.598
11517.221726 46.587
11600.680262 46.573
11684.743574 46.488
11769.416042 46.122
11854.702083 46.033
11940.606141 46.060
12027.132695 46.316
12114.286256 47.246
12202.071368 47.450
12290.492607 47.527
12379.554583 47.831
12469.261939 48.891
12559.619351 49.117
12650.631530 49.186
12742.303221 49.415
12834.639203 50.242
12927.644289 50.420
13021.323329 50.451
13115.681206 50.480
13210.722838 50.585
13306.453182 50.611
13402.877227 50.620
13500.000000 50.652
13597.826565 50.783
13696.362022 50.812
13795.611507 50.800
13895.580195 50.691
13996.273297 50.207
14097.696063 50.080
14199.853780 50.049
14302.751774 49.970
14406.395409 49.642
14510.790089 49.554
14615.941256 49.506
14721.854391 49.267
14828.535017 48.119
14935.988694 47.782
15044.221025 47.678
15153.237652 47.319
15263.044259 45.453
15373.646569 44.846
15485.050350 44.719
15597.261408 44.536
15710.285593 43.747
15824.128799 43.529
15938.796959 43.464
16054.296053 43.254
16170.632100 42.281
16287.811166 42.004
16405.839360 41.925
16524.722835 41.679
16644.467788 40.513
16765.080463 40.174
16886.567147 40.097
17008.934174 39.937
17132.187922 39.239
17256.334818 39.050
17381.381334 39.005
17507.333988 38.901
17634.199347 38.458
17761.984025 38.343
17890.694683 38.318
18020.338031 38.270
18150.920829 38.075
18282.449884 38.027
18414.932052 38.020
18548.374241 38.020
18682.783407 38.026
18818.166557 38.026
18954.530749 38.010
19091.883092 37.900
19230.230747 37.416
19369.580926 37.294
19509.940894 37.308
19651.317968 37.522
19793.719519 38.316
19937.152970 38.490
20081.625799 38.534
20227.145538 38.654
20373.719773 39.107
20521.356145 39.202
20670.062351 39.154
20819.846143 38.713
20970.715331 36.167
21122.677779 35.225
21275.741409 34.961
21429.914202 34.214
21585.204194 28.151
21741.619481 22.381
21899.168218 19.958
22057.858619 19.452
22217.698955 19.016
22378.697560 18.910
22540.862828 18.878
22704.203212 18.773
22868.727228 18.316
23034.443452 18.198
23201.360525 18.180
23369.487147 18.178
