* Measurement data measured by REW V5.40 beta 127
* Source: EXCL: Microphone (Umik-1  Gain: 18dB  ), MICROPHONE (Master Volume), R, volume: 0.900
* Format: 65536-point 1/24 octave RTA using Hann window, no smoothing and 32 averages 
* Dated: Jul 2, 2026, 8:46:02 PM
* REW Settings:
*  C-weighting compensation: Off
*  Target level: 75.0 dB
* Note: ; 65536-point 1/24 octave RTA using Hann window, no smoothing and 32 averages  Input RMS 77.73 dB 75.7 dB C, 68.5 dB A 75.9 dB 22 - 22k UNW 21.8 dB >22k 
* Measurement: Mid Bass Together
* Smoothing: None
* Frequency Step: 96 ppo
* Start Frequency: 3.2958984 Hz
*
* Freq(Hz) SPL(dB)
3.295898 42.835
3.319782 42.835
3.343838 42.835
3.368069 42.835
3.392476 42.835
3.417059 42.835
3.441820 42.835
3.466761 42.835
3.491883 42.835
3.517186 42.835
3.542673 42.835
3.568345 42.835
3.594203 42.835
3.620248 42.835
3.646482 42.835
3.672906 42.835
3.699521 42.835
3.726329 42.835
3.753332 42.835
3.780530 42.835
3.807925 42.835
3.835519 42.835
3.863313 42.835
3.891308 42.835
3.919506 42.835
3.947908 42.835
3.976516 42.835
4.005332 42.835
4.034356 43.703
4.063591 43.703
4.093037 43.703
4.122697 43.703
4.152572 43.703
4.182663 43.703
4.212972 43.703
4.243501 43.703
4.274251 43.703
4.305224 43.703
4.336422 43.703
4.367845 43.703
4.399497 43.703
4.431377 43.703
4.463489 43.703
4.495833 43.703
4.528412 43.703
4.561226 43.703
4.594279 43.703
4.627571 43.703
4.661104 43.703
4.694881 43.703
4.728902 43.703
4.763169 45.939
4.797685 45.939
4.832451 45.939
4.867469 45.939
4.902741 45.939
4.938268 45.939
4.974053 45.939
5.010097 45.939
5.046402 45.939
5.082970 45.939
5.119804 45.939
5.156904 45.939
5.194273 45.939
5.231913 45.939
5.269825 45.939
5.308013 45.939
5.346477 45.939
5.385219 45.939
5.424243 45.939
5.463549 45.939
5.503140 47.876
5.543018 47.876
5.583185 47.876
5.623643 47.876
5.664395 47.876
5.705441 47.876
5.746785 47.876
5.788429 47.876
5.830374 47.876
5.872623 47.876
5.915179 47.876
5.958043 47.876
6.001217 47.876
6.044704 47.876
6.088507 47.876
6.132627 47.876
6.177066 47.876
6.221828 47.876
6.266914 51.870
6.312326 51.870
6.358068 51.870
6.404141 51.870
6.450548 51.870
6.497292 51.870
6.544374 51.870
6.591797 51.870
6.639564 51.870
6.687677 51.870
6.736138 51.870
6.784951 51.870
6.834118 51.870
6.883641 51.870
6.933522 51.870
6.983766 53.038
7.034373 53.038
7.085347 53.038
7.136690 53.038
7.188405 53.038
7.240496 53.038
7.292963 53.038
7.345811 53.038
7.399042 53.038
7.452658 53.038
7.506663 53.038
7.561060 53.038
7.615850 53.038
7.671038 53.038
7.726625 53.121
7.782616 53.121
7.839012 53.121
7.895816 53.121
7.953033 53.121
8.010664 53.121
8.068712 53.121
8.127182 53.121
8.186074 53.121
8.245394 53.121
8.305144 53.121
8.365326 53.121
8.425945 54.161
8.487003 54.161
8.548503 54.161
8.610449 54.161
8.672844 54.161
8.735691 54.161
8.798993 54.161
8.862754 54.161
8.926977 54.161
8.991666 54.161
9.056823 54.161
9.122453 54.161
9.188558 55.875
9.255142 55.875
9.322209 55.875
9.389761 55.875
9.457803 55.875
9.526338 55.875
9.595370 55.875
9.664902 55.875
9.734938 55.875
9.805481 55.875
9.876536 55.875
9.948105 57.746
10.020193 57.746
10.092804 57.746
10.165940 57.746
10.239607 57.746
10.313808 57.746
10.388546 57.746
10.463825 57.746
10.539650 57.746
10.616025 57.746
10.692953 59.352
10.770439 59.352
10.848486 59.352
10.927098 59.352
11.006281 59.352
11.086037 59.352
11.166371 59.352
11.247287 59.352
11.328789 59.352
11.410882 61.124
11.493570 61.124
11.576858 61.124
11.660748 61.124
11.745247 61.124
11.830358 61.124
11.916085 61.124
12.002434 61.124
12.089409 61.418
12.177014 61.418
12.265253 61.418
12.354132 61.418
12.443655 61.418
12.533827 61.418
12.624653 61.418
12.716136 61.418
12.808282 61.418
12.901097 57.974
12.994583 57.974
13.088747 57.974
13.183594 57.974
13.279128 57.974
13.375354 57.974
13.472277 57.974
13.569903 53.442
13.668236 53.442
13.767281 53.442
13.867045 53.442
13.967531 53.442
14.068746 53.442
14.170693 53.442
14.273380 53.442
14.376811 51.704
14.480991 51.704
14.585926 51.704
14.691622 51.704
14.798084 51.704
14.905317 51.704
15.013327 51.704
15.122119 51.571
15.231701 51.571
15.342076 51.571
15.453251 51.571
15.565231 51.571
15.678023 51.571
15.791633 52.802
15.906066 52.802
16.021327 52.802
16.137425 52.802
16.254363 52.802
16.372149 52.802
16.490788 49.824
16.610287 49.824
16.730652 49.824
16.851889 49.824
16.974005 49.824
17.097006 49.824
17.220898 46.052
17.345688 46.052
17.471382 46.052
17.597986 46.052
17.725509 46.052
17.853955 46.052
17.983332 48.794
18.113647 48.794
18.244906 48.794
18.377116 48.794
18.510284 48.794
18.644417 48.794
18.779522 49.854
18.915606 49.854
19.052677 49.854
19.190740 49.854
19.329804 49.854
19.469876 47.230
19.610963 47.230
19.753072 47.230
19.896211 47.230
20.040387 47.230
20.185608 50.798
20.331881 50.798
20.479214 50.798
20.627615 50.798
20.777091 50.798
20.927651 61.858
21.079301 61.858
21.232050 61.858
21.385906 61.858
21.540878 61.858
21.696972 61.877
21.854197 61.877
22.012561 61.877
22.172073 61.877
22.332741 61.877
22.494574 51.322
22.657579 51.322
22.821765 51.322
22.987141 51.322
23.153715 45.452
23.321496 45.452
23.490494 45.452
23.660715 45.452
23.832171 45.663
24.004868 45.663
24.178818 45.663
24.354027 45.663
24.530507 45.663
24.708265 46.279
24.887311 46.279
25.067655 46.279
25.249305 46.279
25.432272 45.918
25.616565 45.918
25.802193 45.918
25.989166 45.918
26.177495 47.614
26.367188 47.614
26.558255 47.614
26.750707 46.998
26.944554 46.998
27.139805 46.998
27.336471 46.998
27.534563 44.063
27.734089 44.063
27.935062 44.063
28.137491 44.063
28.341387 41.754
28.546760 41.754
28.753622 41.754
28.961982 40.298
29.171853 40.298
29.383244 40.298
29.596167 40.298
29.810633 41.885
30.026653 41.885
30.244239 41.885
30.463401 41.752
30.684152 41.752
30.906502 41.752
31.130463 41.970
31.356047 41.970
31.583266 41.970
31.812131 41.970
32.042655 42.300
32.274849 42.300
32.508726 42.300
32.744298 40.589
32.981576 40.589
33.220575 40.589
33.461305 40.840
33.703779 40.840
33.948010 40.840
34.194012 40.874
34.441796 40.874
34.691375 40.874
34.942763 41.440
35.195973 41.440
35.451017 41.440
35.707910 41.862
35.966664 41.862
36.227293 41.862
36.489811 41.596
36.754232 41.596
37.020568 43.395
37.288834 43.395
37.559044 43.395
37.831213 43.228
38.105353 43.228
38.381480 43.228
38.659608 42.143
38.939752 42.143
39.221925 43.317
39.506144 43.317
39.792421 43.317
40.080774 44.217
40.371216 44.217
40.663762 44.505
40.958428 44.505
41.255230 44.505
41.554182 50.976
41.855301 50.976
42.158602 62.241
42.464101 62.241
42.771813 62.241
43.081755 66.243
43.393943 66.243
43.708394 61.602
44.025123 61.602
44.344147 48.182
44.665483 48.182
44.989147 48.182
45.315157 47.033
45.643530 47.033
45.974281 49.825
46.307430 49.825
46.642993 50.742
46.980987 50.742
47.321431 48.761
47.664341 48.761
48.009737 47.706
48.357635 47.706
48.708054 47.739
49.061013 47.739
49.416529 47.739
49.774622 46.833
50.135309 46.833
50.498611 46.522
50.864544 46.824
51.233130 46.824
51.604386 46.824
51.978333 46.824
52.354989 50.264
52.734375 50.264
53.116510 50.264
53.501414 50.264
53.889107 52.286
54.279610 52.286
54.672943 52.286
55.069125 52.286
55.468179 52.698
55.870124 52.698
56.274982 52.698
56.682774 52.698
57.093521 52.958
57.507244 52.958
57.923965 52.958
58.343706 52.958
58.766488 53.125
59.192335 53.125
59.621267 53.125
60.053307 53.125
60.488478 53.423
60.926802 53.423
61.368303 53.423
61.813003 53.423
62.260926 52.111
62.712094 52.111
63.166532 52.111
63.624262 52.111
64.085310 51.136
64.549699 51.136
65.017452 51.136
65.488596 51.136
65.963153 50.479
66.441149 50.479
66.922609 50.479
67.407558 50.479
67.896021 51.495
68.388023 51.495
68.883591 51.495
69.382750 51.495
69.885526 53.820
70.391945 53.820
70.902034 53.820
71.415820 53.820
71.933328 55.747
72.454587 55.747
72.979623 55.747
73.508463 55.747
74.041136 58.351
74.577668 58.351
75.118089 58.351
75.662425 58.351
76.210707 58.260
76.762961 58.260
77.319217 58.260
77.879504 58.260
78.443851 58.510
79.012287 58.510
79.584843 58.510
80.161547 58.510
80.742431 59.509
81.327524 59.509
81.916857 59.509
82.510460 59.509
83.108365 58.975
83.710602 58.975
84.317204 58.975
84.928201 58.975
85.543626 59.556
86.163510 59.556
86.787887 59.556
87.416787 59.556
88.050245 59.983
88.688294 59.983
89.330966 59.983
89.978295 59.983
90.630315 58.797
91.287059 58.797
91.948563 58.797
92.614860 58.797
93.285985 56.117
93.961974 56.117
94.642861 56.117
95.328683 56.117
96.019473 57.636
96.715270 57.636
97.416109 57.636
98.122026 57.636
98.833059 57.951
99.549244 57.951
100.270619 57.951
100.997221 57.951
101.729089 58.412
102.466259 58.412
103.208772 58.412
103.956665 58.412
104.709978 57.810
105.468750 57.810
106.233020 57.810
107.002828 57.810
107.778215 58.541
108.559220 58.541
109.345885 58.541
110.138250 58.541
110.936358 59.245
111.740248 59.245
112.549964 59.245
113.365548 59.245
114.187041 60.296
115.014487 60.296
115.847930 60.296
116.687412 60.296
117.532977 59.100
118.384669 59.100
119.242533 59.100
120.106614 59.100
120.976956 57.271
121.853605 57.271
122.736606 57.271
123.626006 57.271
124.521851 57.424
125.424188 57.424
126.333063 57.424
127.248525 57.424
128.170620 56.931
129.099397 56.931
130.034905 56.931
130.977191 56.931
131.926306 57.419
132.882298 57.419
133.845218 57.419
134.815116 57.419
135.792042 57.249
136.776047 57.249
137.767182 57.249
138.765500 57.249
139.771052 57.960
140.783891 57.960
141.804069 57.960
142.831640 57.960
143.866657 56.974
144.909174 56.974
145.959245 56.974
147.016926 56.974
148.082271 56.472
149.155337 56.472
150.236178 56.472
151.324851 56.472
152.421413 56.369
153.525922 56.369
154.638434 56.369
155.759008 56.369
156.887702 54.831
158.024575 54.831
159.169686 54.831
160.323095 54.831
161.484862 50.584
162.655048 50.584
163.833714 50.584
165.020920 50.584
166.216730 45.853
167.421205 45.853
168.634408 45.853
169.856402 45.853
171.087252 49.747
172.327020 49.747
173.575773 49.747
174.833575 49.747
176.100491 53.256
177.376588 53.256
178.661931 53.256
179.956589 53.256
181.260629 53.458
182.574118 53.458
183.897126 53.458
185.229720 53.458
186.571971 52.910
187.923948 52.910
189.285723 52.910
190.657365 52.910
192.038947 52.293
193.430540 52.293
194.832218 52.293
196.244052 52.293
197.666118 52.725
199.098488 52.725
200.541238 52.725
201.994442 52.725
203.458177 53.938
204.932519 53.938
206.417544 53.938
207.913331 53.938
209.419957 55.524
210.937500 55.524
212.466040 55.524
214.005657 55.524
215.556430 55.399
217.118441 55.399
218.691770 55.399
220.276501 55.399
221.872715 54.405
223.480496 54.405
225.099928 54.405
226.731095 54.405
228.374082 54.084
230.028975 54.084
231.695860 54.084
233.374823 54.084
235.065954 52.673
236.769338 52.673
238.485067 52.673
240.213228 52.673
241.953912 52.212
243.707209 52.212
245.473212 52.212
247.252012 52.212
249.043702 52.428
250.848376 52.428
252.666127 52.428
254.497049 52.428
256.341240 52.616
258.198794 52.616
260.069809 52.616
261.954382 52.616
263.852612 52.321
265.764596 52.321
267.690436 52.321
269.630232 52.321
271.584083 52.903
273.552094 52.903
275.534365 52.903
277.531000 52.903
279.542104 53.161
281.567782 53.161
283.608138 53.161
285.663279 53.161
287.733313 52.885
289.818348 52.885
291.918491 52.885
294.033852 52.885
296.164543 53.654
298.310673 53.654
300.472355 53.654
302.649702 53.654
304.842826 55.833
307.051843 55.833
309.276867 55.833
311.518015 55.833
313.775403 55.624
316.049149 55.624
318.339371 55.624
320.646190 55.624
322.969724 56.197
325.310096 56.197
327.667427 56.197
330.041840 56.197
332.433460 54.790
334.842409 54.790
337.268816 54.790
339.712804 54.790
342.174503 54.517
344.654041 54.517
347.151546 54.517
349.667149 54.517
352.200982 54.175
354.753175 54.175
357.323863 54.175
359.913179 54.175
362.521258 54.471
365.148237 54.471
367.794251 54.471
370.459440 54.471
373.143942 53.734
375.847897 53.734
378.571446 53.734
381.314730 51.626
384.077894 51.626
386.861081 51.626
389.664436 51.626
392.488105 48.743
395.332235 48.743
398.196976 48.743
401.082475 48.743
403.988884 42.920
406.916354 42.920
409.865038 42.920
412.835089 42.920
415.826662 38.253
418.839913 38.253
421.875000 38.253
424.932080 38.253
428.011313 38.281
431.112860 38.281
434.236881 38.281
437.383541 38.281
440.553002 41.159
443.745431 41.159
446.960993 41.159
450.199857 41.159
453.462190 41.671
456.748164 41.671
460.057950 41.671
463.391719 41.671
466.749647 45.236
470.131907 45.236
473.538677 45.236
476.970133 45.236
480.426455 47.475
483.907823 47.475
487.414419 47.475
490.946425 47.475
494.504025 48.147
498.087405 48.147
501.696752 48.147
505.332253 48.147
508.994099 48.363
512.682480 48.363
516.397589 48.363
520.139618 48.363
523.908764 48.253
527.705223 48.253
531.529193 48.253
535.380873 48.253
539.260463 46.098
543.168167 46.098
547.104187 46.098
551.068730 46.098
555.062001 47.800
559.084209 47.800
563.135563 47.800
567.216276 47.800
571.326559 53.765
575.466627 53.765
579.636695 53.765
583.836981 53.765
588.067705 56.285
592.329086 56.285
596.621347 56.285
600.944711 56.285
605.299404 56.484
609.685653 56.484
614.103687 56.484
618.553735 56.484
623.036030 56.671
627.550806 56.671
632.098298 56.671
636.678743 56.671
641.292380 55.028
645.939448 55.028
650.620192 55.028
655.334854 55.028
660.083681 50.912
664.866919 50.912
669.684819 50.912
674.537631 50.912
679.425609 46.486
684.349007 46.486
689.308082 46.486
694.303092 46.486
699.334299 45.416
704.401963 45.416
709.506350 45.416
714.647726 45.416
719.826358 46.021
725.042516 46.021
730.296473 46.021
735.588503 46.021
740.918880 44.454
746.287884 44.454
751.695793 44.454
757.142891 44.454
762.629461 46.410
768.155788 46.410
773.722161 46.410
779.328871 46.410
784.976209 49.509
790.664471 49.509
796.393951 49.509
802.164950 49.509
807.977768 51.614
813.832708 51.614
819.730075 51.614
825.670177 51.614
831.653324 52.286
837.679827 52.286
843.750000 52.286
849.864160 52.286
856.022626 52.965
862.225719 52.965
868.473762 52.965
874.767081 52.965
881.106004 50.932
887.490861 50.932
893.921986 50.932
900.399713 50.932
906.924381 49.969
913.496328 49.969
920.115899 49.969
926.783439 49.969
933.499293 51.225
940.263814 51.225
947.077353 51.225
953.940266 51.225
960.852911 47.358
967.815647 47.358
974.828838 47.358
981.892850 47.358
989.008050 43.537
996.174810 43.537
1003.393503 43.537
1010.664506 43.537
1017.988198 46.830
1025.364960 46.830
1032.795177 46.830
1040.279237 46.830
1047.817529 51.917
1055.410447 51.917
1063.058386 51.917
1070.761745 51.917
1078.520926 53.306
1086.336333 53.306
1094.208374 53.306
1102.137459 53.306
1110.124002 53.685
1118.168418 53.685
1126.271127 53.685
1134.432552 53.685
1142.653118 51.203
1150.933253 51.203
1159.273390 51.203
1167.673963 51.203
1176.135410 49.485
1184.658172 49.485
1193.242693 49.485
1201.889422 49.485
1210.598808 52.209
1219.371306 52.209
1228.207373 52.209
1237.107470 52.209
1246.072061 51.314
1255.101612 51.314
1264.196596 51.314
1273.357486 51.314
1282.584759 51.903
1291.878897 51.903
1301.240384 51.903
1310.669708 51.903
1320.167361 49.588
1329.733838 49.588
1339.369638 49.588
1349.075262 49.588
1358.851218 47.987
1368.698014 47.987
1378.616164 47.987
1388.606185 47.987
1398.668598 52.312
1408.803927 52.312
1419.012701 52.312
1429.295452 52.312
1439.652716 50.203
1450.085033 50.203
1460.592947 50.203
1471.177005 50.203
1481.837760 51.912
1492.575768 51.912
1503.391587 51.912
1514.285782 51.912
1525.258921 49.884
1536.311576 49.884
1547.444323 49.884
1558.657742 49.884
1569.952419 47.564
1581.328941 47.564
1592.787903 47.564
1604.329900 47.564
1615.955536 43.118
1627.665416 43.118
1639.460151 43.118
1651.340355 43.118
1663.306648 44.905
1675.359653 44.905
1687.500000 44.905
1699.728321 44.905
1712.045253 42.584
1724.451438 42.584
1736.947524 42.584
1749.534162 42.584
1762.212008 47.406
1774.981722 47.406
1787.843972 47.406
1800.799426 47.406
1813.848761 46.952
1826.992657 46.952
1840.231799 46.952
1853.566877 46.952
1866.998587 46.152
1880.527628 46.152
1894.154707 46.152
1907.880532 46.152
1921.705821 44.859
1935.631294 44.859
1949.657676 44.859
1963.785699 44.859
1978.016100 47.988
1992.349620 47.988
2006.787007 47.988
2021.329012 47.988
2035.976396 46.190
2050.729920 46.190
2065.590354 46.190
2080.558474 46.190
2095.635058 47.116
2110.820893 47.116
2126.116772 47.116
2141.523490 47.116
2157.041852 43.763
2172.672667 43.763
2188.416748 43.763
2204.274918 43.763
2220.248003 41.974
2236.336835 41.974
2252.542254 41.974
2268.865104 41.974
2285.306235 38.809
2301.866506 38.809
2318.546780 38.809
2335.347926 38.809
2352.270820 37.664
2369.316344 37.664
2386.485387 37.664
2403.778843 37.664
2421.197616 39.727
2438.742612 39.727
2456.414746 39.727
2474.214940 39.727
2492.144121 39.077
2510.203225 39.077
2528.393192 39.077
2546.714972 39.077
2565.169518 39.142
2583.757794 39.142
2602.480768 39.142
2621.339416 39.142
2640.334722 40.466
2659.467676 40.466
2678.739275 40.466
2698.150524 40.466
2717.702435 40.992
2737.396027 40.992
2757.232327 40.992
2777.212369 40.992
2797.337195 40.175
2817.607853 40.175
2838.025401 40.175
2858.590903 40.175
2879.305432 39.803
2900.170066 39.803
2921.185893 39.803
2942.354011 39.803
2963.675521 38.319
2985.151535 38.319
3006.783174 38.319
3028.571564 38.319
3050.517842 33.547
3072.623152 33.547
3094.888646 33.547
3117.315485 30.954
3139.904838 30.954
3162.657883 30.954
3185.575805 30.954
3208.659801 28.358
3231.911072 28.358
3255.330832 28.358
3278.920301 28.358
3302.680710 29.330
3326.613295 29.330
3350.719307 29.330
3375.000000 29.330
3399.456641 27.559
3424.090505 27.559
3448.902877 27.559
3473.895049 27.559
3499.068324 30.146
3524.424016 30.146
3549.963445 30.146
3575.687943 30.146
3601.598852 31.462
3627.697522 31.462
3653.985314 31.462
3680.463598 31.462
3707.133754 31.612
3733.997173 31.612
3761.055256 31.612
3788.309413 31.612
3815.761065 32.706
3843.411642 32.706
3871.262587 32.706
3899.315352 32.706
3927.571398 30.196
3956.032200 30.196
3984.699240 30.196
4013.574013 30.196
4042.658025 27.184
4071.952791 27.184
4101.459840 27.184
4131.180709 27.184
4161.116947 27.537
4191.270116 27.537
4221.641787 27.537
4252.233543 27.537
4283.046981 25.474
4314.083705 25.474
4345.345333 25.474
4376.833497 25.474
4408.549837 24.855
4440.496006 24.855
4472.673671 24.855
4505.084508 24.855
4537.730207 22.650
4570.612471 22.650
4603.733013 22.650
4637.093560 22.650
4670.695852 22.906
4704.541639 22.906
4738.632687 22.906
4772.970773 22.906
4807.557687 21.888
4842.395232 21.888
4877.485224 21.888
4912.829492 21.888
4948.429880 21.760
4984.288243 21.760
5020.406450 21.760
5056.786384 21.760
5093.429943 20.937
5130.339036 20.937
5167.515588 20.937
5204.961536 20.937
5242.678833 19.992
5280.669445 19.992
5318.935352 19.992
5357.478550 19.992
5396.301048 17.111
5435.404870 17.111
5474.792055 17.111
5514.464655 17.111
5554.424739 13.501
5594.674390 13.501
5635.215707 13.501
5676.050803 13.501
5717.181807 14.202
5758.610863 14.202
5800.340131 14.202
5842.371787 14.202
5884.708021 14.634
5927.351041 14.634
5970.303070 14.634
6013.566347 14.634
6057.143128 13.085
6101.035684 13.085
6145.246304 13.085
6189.777292 13.085
6234.630969 12.481
6279.809676 12.481
6325.315765 12.481
6371.151611 12.481
6417.319602 11.975
6463.822145 11.975
6510.661665 11.975
6557.840603 11.975
6605.361419 11.495
6653.226591 11.495
6701.438613 11.495
6750.000000 11.495
6798.913283 10.972
6848.181011 10.972
6897.805753 10.972
6947.790097 10.972
6998.136648 10.930
7048.848031 10.930
7099.926890 10.930
7151.375887 10.930
7203.197705 10.093
7255.395044 10.093
7307.970628 10.093
7360.927195 10.093
7414.267508 10.086
7467.994347 10.086
7522.110513 10.086
7576.618826 10.086
7631.522129 10.217
7686.823285 10.217
7742.525175 10.217
7798.630704 10.217
7855.142797 10.955
7912.064400 10.955
7969.398480 10.955
8027.148026 10.955
8085.316050 10.535
8143.905583 10.535
8202.919680 10.535
8262.361417 10.535
8322.233894 10.698
8382.540231 10.698
8443.283573 10.698
8504.467087 10.698
8566.093961 10.904
8628.167409 10.904
8690.690667 10.904
8753.666994 10.904
8817.099673 11.213
8880.992012 11.213
8945.347341 11.213
9010.169016 11.213
9075.460415 11.043
9141.224942 11.043
9207.466026 11.043
9274.187120 11.043
9341.391703 11.341
9409.083278 11.341
9477.265374 11.341
9545.941546 11.341
9615.115374 11.615
9684.790463 11.615
9754.970447 11.615
9825.658984 11.615
9896.859760 11.880
9968.576485 11.880
10040.812900 11.880
10113.572769 11.880
10186.859886 11.897
10260.678072 11.897
10335.031175 11.897
10409.923072 11.897
10485.357665 12.179
10561.338889 12.179
10637.870704 12.179
10714.957101 12.179
10792.602097 12.560
10870.809741 12.560
10949.584109 12.560
11028.929309 12.560
11108.849478 12.724
11189.348780 12.724
11270.431414 12.724
11352.101606 12.724
11434.363614 13.099
11517.221726 13.099
11600.680262 13.099
11684.743574 13.099
11769.416042 13.519
11854.702083 13.519
11940.606141 13.519
12027.132695 13.519
12114.286256 13.533
12202.071368 13.533
12290.492607 13.533
12379.554583 13.533
12469.261939 13.879
12559.619351 13.879
12650.631530 13.879
12742.303221 13.879
12834.639203 14.315
12927.644289 14.315
13021.323329 14.315
13115.681206 14.315
13210.722838 14.602
13306.453182 14.602
13402.877227 14.602
13500.000000 14.602
13597.826565 14.958
13696.362022 14.958
13795.611507 14.958
13895.580195 14.958
13996.273297 15.355
14097.696063 15.355
14199.853780 15.355
14302.751774 15.355
14406.395409 15.650
14510.790089 15.650
14615.941256 15.650
14721.854391 15.650
14828.535017 15.986
14935.988694 15.986
15044.221025 15.986
15153.237652 15.986
15263.044259 16.379
15373.646569 16.379
15485.050350 16.379
15597.261408 16.379
15710.285593 16.763
15824.128799 16.763
15938.796959 16.763
16054.296053 16.763
16170.632100 17.082
16287.811166 17.082
16405.839360 17.082
16524.722835 17.082
16644.467788 17.476
16765.080463 17.476
16886.567147 17.476
17008.934174 17.476
17132.187922 17.744
17256.334818 17.744
17381.381334 17.744
17507.333988 17.744
17634.199347 18.222
17761.984025 18.222
17890.694683 18.222
18020.338031 18.222
18150.920829 18.526
18282.449884 18.526
18414.932052 18.526
18548.374241 18.526
18682.783407 18.891
18818.166557 18.891
18954.530749 18.891
19091.883092 18.891
19230.230747 19.138
19369.580926 19.138
19509.940894 19.138
19651.317968 19.138
19793.719519 19.519
19937.152970 19.519
20081.625799 19.519
20227.145538 19.519
20373.719773 19.667
20521.356145 19.667
20670.062351 19.667
20819.846143 19.667
20970.715331 19.522
21122.677779 19.522
21275.741409 19.522
21429.914202 19.522
21585.204194 19.356
21741.619481 19.356
21899.168218 19.356
22057.858619 19.356
22217.698955 18.868
22378.697560 18.868
22540.862828 18.868
22704.203212 18.868
22868.727228 18.152
23034.443452 18.152
23201.360525 18.152
23369.487147 18.152
