* Dated: May 3, 2026 8:25:50 PM
* REW Settings:
*  C-weighting compensation: Off
*  Target level: 75.0 dB
* Frequency Step: 1/12 octave
* Start Frequency: 12.500 Hz
*
* Freq(Hz) SPL(dB)
12.500000 12.160
13.200000 12.660
14.000000 13.055
15.000000 13.301
16.000000 13.395
17.000000 13.420
18.000000 13.415
19.000000 13.394
20.000000 13.364
21.200001 13.321
22.400000 13.270
23.600000 13.212
25.000000 13.138
26.500000 13.051
28.000000 12.956
30.000000 12.819
31.500000 12.709
33.500000 12.555
35.500000 12.391
37.500000 12.220
40.000000 11.998
42.500000 11.766
45.000000 11.527
47.500000 11.280
50.000000 11.028
53.000000 10.718
56.000000 10.400
60.000000 9.964
63.000000 9.629
67.000000 9.177
71.000000 8.729
75.000000 8.292
80.000000 7.767
85.000000 7.269
90.000000 6.798
95.000000 6.351
100.000000 5.926
106.000000 5.442
112.000000 4.983
118.000000 4.544
125.000000 4.056
132.000000 3.593
140.000000 3.098
150.000000 2.547
160.000000 2.075
170.000000 1.682
180.000000 1.358
190.000000 1.092
200.000000 0.875
212.000000 0.667
224.000000 0.505
236.000000 0.379
250.000000 0.268
265.000000 0.182
280.000000 0.121
300.000000 0.068
315.000000 0.043
335.000000 0.023
355.000000 0.011
375.000000 0.005
400.000000 0.001
425.000000 -0.001
450.000000 -0.003
475.000000 -0.005
500.000000 -0.008
530.000000 -0.012
560.000000 -0.018
600.000000 -0.027
630.000000 -0.035
670.000000 -0.047
710.000000 -0.061
750.000000 -0.077
800.000000 -0.099
850.000000 -0.124
900.000000 -0.153
950.000000 -0.186
1000.000000 -0.226
1060.000000 -0.287
1120.000000 -0.367
1180.000000 -0.469
1250.000000 -0.617
1320.000000 -0.790
1400.000000 -1.020
1500.000000 -1.370
1600.000000 -1.817
1700.000000 -2.371
1800.000000 -3.004
1900.000000 -3.674
2000.000000 -4.346
2120.000000 -5.113
2240.000000 -5.796
2360.000000 -6.351
2500.000000 -6.782
2650.000000 -6.962
2800.000000 -6.907
3000.000000 -6.631
3150.000000 -6.359
3350.000000 -5.975
3550.000000 -5.595
3750.000000 -5.230
4000.000000 -4.797
4250.000000 -4.390
4500.000000 -4.010
4750.000000 -3.654
5000.000000 -3.326
5300.000000 -2.974
5600.000000 -2.676
6000.000000 -2.383
6300.000000 -2.253
6700.000000 -2.188
7100.000000 -2.215
7500.000000 -2.294
8000.000000 -2.425
8500.000000 -2.566
9000.000000 -2.703
9500.000000 -2.828
10000.000000 -2.936
10600.000000 -3.038
11200.000000 -3.107
11800.000000 -3.150
12500.000000 -3.177
13200.000000 -3.190
14000.000000 -3.197
15000.000000 -3.200
16000.000000 -3.201
17000.000000 -3.201
18000.000000 -3.201
19000.000000 -3.201
20000.000000 -3.201
21200.000000 -3.200
