* Measurement data measured by REW V5.40 beta 127
* Source: EXCL: Microphone (Umik-1  Gain: 18dB  ), MICROPHONE (Master Volume), R, volume: 0.900
* Format: 65536-point 1/24 octave RTA using Hann window, no smoothing and 32 averages 
* Dated: Jul 2, 2026, 8:42:48 PM
* REW Settings:
*  C-weighting compensation: Off
*  Target level: 75.0 dB
* Note: ; 65536-point 1/24 octave RTA using Hann window, no smoothing and 32 averages  Input RMS 83.31 dB 80.9 dB C, 71.0 dB A 82.4 dB 22 - 22k UNW 22.0 dB >22k 
* Measurement: System Sum
* Smoothing: None
* Frequency Step: 96 ppo
* Start Frequency: 3.2958984 Hz
*
* Freq(Hz) SPL(dB)
3.295898 43.002
3.319782 43.002
3.343838 43.002
3.368069 43.002
3.392476 43.002
3.417059 43.002
3.441820 43.002
3.466761 43.002
3.491883 43.002
3.517186 43.002
3.542673 43.002
3.568345 43.002
3.594203 43.002
3.620248 43.002
3.646482 43.002
3.672906 43.002
3.699521 43.002
3.726329 43.002
3.753332 43.002
3.780530 43.002
3.807925 43.002
3.835519 43.002
3.863313 43.002
3.891308 43.002
3.919506 43.002
3.947908 43.002
3.976516 43.002
4.005332 43.002
4.034356 45.087
4.063591 45.087
4.093037 45.087
4.122697 45.087
4.152572 45.087
4.182663 45.087
4.212972 45.087
4.243501 45.087
4.274251 45.087
4.305224 45.087
4.336422 45.087
4.367845 45.087
4.399497 45.087
4.431377 45.087
4.463489 45.087
4.495833 45.087
4.528412 45.087
4.561226 45.087
4.594279 45.087
4.627571 45.087
4.661104 45.087
4.694881 45.087
4.728902 45.087
4.763169 46.791
4.797685 46.791
4.832451 46.791
4.867469 46.791
4.902741 46.791
4.938268 46.791
4.974053 46.791
5.010097 46.791
5.046402 46.791
5.082970 46.791
5.119804 46.791
5.156904 46.791
5.194273 46.791
5.231913 46.791
5.269825 46.791
5.308013 46.791
5.346477 46.791
5.385219 46.791
5.424243 46.791
5.463549 46.791
5.503140 47.871
5.543018 47.871
5.583185 47.871
5.623643 47.871
5.664395 47.871
5.705441 47.871
5.746785 47.871
5.788429 47.871
5.830374 47.871
5.872623 47.871
5.915179 47.871
5.958043 47.871
6.001217 47.871
6.044704 47.871
6.088507 47.871
6.132627 47.871
6.177066 47.871
6.221828 47.871
6.266914 50.596
6.312326 50.596
6.358068 50.596
6.404141 50.596
6.450548 50.596
6.497292 50.596
6.544374 50.596
6.591797 50.596
6.639564 50.596
6.687677 50.596
6.736138 50.596
6.784951 50.596
6.834118 50.596
6.883641 50.596
6.933522 50.596
6.983766 53.556
7.034373 53.556
7.085347 53.556
7.136690 53.556
7.188405 53.556
7.240496 53.556
7.292963 53.556
7.345811 53.556
7.399042 53.556
7.452658 53.556
7.506663 53.556
7.561060 53.556
7.615850 53.556
7.671038 53.556
7.726625 54.216
7.782616 54.216
7.839012 54.216
7.895816 54.216
7.953033 54.216
8.010664 54.216
8.068712 54.216
8.127182 54.216
8.186074 54.216
8.245394 54.216
8.305144 54.216
8.365326 54.216
8.425945 55.326
8.487003 55.326
8.548503 55.326
8.610449 55.326
8.672844 55.326
8.735691 55.326
8.798993 55.326
8.862754 55.326
8.926977 55.326
8.991666 55.326
9.056823 55.326
9.122453 55.326
9.188558 56.475
9.255142 56.475
9.322209 56.475
9.389761 56.475
9.457803 56.475
9.526338 56.475
9.595370 56.475
9.664902 56.475
9.734938 56.475
9.805481 56.475
9.876536 56.475
9.948105 56.681
10.020193 56.681
10.092804 56.681
10.165940 56.681
10.239607 56.681
10.313808 56.681
10.388546 56.681
10.463825 56.681
10.539650 56.681
10.616025 56.681
10.692953 60.159
10.770439 60.159
10.848486 60.159
10.927098 60.159
11.006281 60.159
11.086037 60.159
11.166371 60.159
11.247287 60.159
11.328789 60.159
11.410882 62.644
11.493570 62.644
11.576858 62.644
11.660748 62.644
11.745247 62.644
11.830358 62.644
11.916085 62.644
12.002434 62.644
12.089409 63.284
12.177014 63.284
12.265253 63.284
12.354132 63.284
12.443655 63.284
12.533827 63.284
12.624653 63.284
12.716136 63.284
12.808282 63.284
12.901097 60.888
12.994583 60.888
13.088747 60.888
13.183594 60.888
13.279128 60.888
13.375354 60.888
13.472277 60.888
13.569903 56.574
13.668236 56.574
13.767281 56.574
13.867045 56.574
13.967531 56.574
14.068746 56.574
14.170693 56.574
14.273380 56.574
14.376811 55.708
14.480991 55.708
14.585926 55.708
14.691622 55.708
14.798084 55.708
14.905317 55.708
15.013327 55.708
15.122119 58.275
15.231701 58.275
15.342076 58.275
15.453251 58.275
15.565231 58.275
15.678023 58.275
15.791633 59.826
15.906066 59.826
16.021327 59.826
16.137425 59.826
16.254363 59.826
16.372149 59.826
16.490788 58.122
16.610287 58.122
16.730652 58.122
16.851889 58.122
16.974005 58.122
17.097006 58.122
17.220898 59.190
17.345688 59.190
17.471382 59.190
17.597986 59.190
17.725509 59.190
17.853955 59.190
17.983332 60.639
18.113647 60.639
18.244906 60.639
18.377116 60.639
18.510284 60.639
18.644417 60.639
18.779522 61.900
18.915606 61.900
19.052677 61.900
19.190740 61.900
19.329804 61.900
19.469876 61.613
19.610963 61.613
19.753072 61.613
19.896211 61.613
20.040387 61.613
20.185608 60.748
20.331881 60.748
20.479214 60.748
20.627615 60.748
20.777091 60.748
20.927651 64.103
21.079301 64.103
21.232050 64.103
21.385906 64.103
21.540878 64.103
21.696972 64.238
21.854197 64.238
22.012561 64.238
22.172073 64.238
22.332741 64.238
22.494574 63.473
22.657579 63.473
22.821765 63.473
22.987141 63.473
23.153715 64.682
23.321496 64.682
23.490494 64.682
23.660715 64.682
23.832171 65.508
24.004868 65.508
24.178818 65.508
24.354027 65.508
24.530507 65.508
24.708265 64.610
24.887311 64.610
25.067655 64.610
25.249305 64.610
25.432272 63.458
25.616565 63.458
25.802193 63.458
25.989166 63.458
26.177495 65.730
26.367188 65.730
26.558255 65.730
26.750707 66.577
26.944554 66.577
27.139805 66.577
27.336471 66.577
27.534563 66.618
27.734089 66.618
27.935062 66.618
28.137491 66.618
28.341387 66.319
28.546760 66.319
28.753622 66.319
28.961982 67.135
29.171853 67.135
29.383244 67.135
29.596167 67.135
29.810633 66.179
30.026653 66.179
30.244239 66.179
30.463401 66.808
30.684152 66.808
30.906502 66.808
31.130463 67.726
31.356047 67.726
31.583266 67.726
31.812131 67.726
32.042655 67.862
32.274849 67.862
32.508726 67.862
32.744298 67.364
32.981576 67.364
33.220575 67.364
33.461305 67.111
33.703779 67.111
33.948010 67.111
34.194012 67.520
34.441796 67.520
34.691375 67.520
34.942763 67.357
35.195973 67.357
35.451017 67.357
35.707910 66.079
35.966664 66.079
36.227293 66.079
36.489811 66.816
36.754232 66.816
37.020568 66.378
37.288834 66.378
37.559044 66.378
37.831213 65.027
38.105353 65.027
38.381480 65.027
38.659608 64.808
38.939752 64.808
39.221925 63.120
39.506144 63.120
39.792421 63.120
40.080774 62.369
40.371216 62.369
40.663762 61.661
40.958428 61.661
41.255230 61.661
41.554182 62.435
41.855301 62.435
42.158602 64.337
42.464101 64.337
42.771813 64.337
43.081755 65.825
43.393943 65.825
43.708394 64.496
44.025123 64.496
44.344147 64.334
44.665483 64.334
44.989147 64.334
45.315157 64.476
45.643530 64.476
45.974281 63.318
46.307430 63.318
46.642993 63.318
46.980987 63.318
47.321431 63.691
47.664341 63.691
48.009737 63.229
48.357635 63.229
48.708054 61.877
49.061013 61.877
49.416529 61.877
49.774622 60.926
50.135309 60.926
50.498611 60.711
50.864544 60.306
51.233130 60.306
51.604386 60.306
51.978333 60.306
52.354989 62.168
52.734375 62.168
53.116510 62.168
53.501414 62.168
53.889107 63.782
54.279610 63.782
54.672943 63.782
55.069125 63.782
55.468179 64.911
55.870124 64.911
56.274982 64.911
56.682774 64.911
57.093521 64.221
57.507244 64.221
57.923965 64.221
58.343706 64.221
58.766488 63.158
59.192335 63.158
59.621267 63.158
60.053307 63.158
60.488478 62.987
60.926802 62.987
61.368303 62.987
61.813003 62.987
62.260926 61.942
62.712094 61.942
63.166532 61.942
63.624262 61.942
64.085310 60.717
64.549699 60.717
65.017452 60.717
65.488596 60.717
65.963153 59.955
66.441149 59.955
66.922609 59.955
67.407558 59.955
67.896021 60.298
68.388023 60.298
68.883591 60.298
69.382750 60.298
69.885526 60.530
70.391945 60.530
70.902034 60.530
71.415820 60.530
71.933328 62.645
72.454587 62.645
72.979623 62.645
73.508463 62.645
74.041136 62.195
74.577668 62.195
75.118089 62.195
75.662425 62.195
76.210707 62.158
76.762961 62.158
77.319217 62.158
77.879504 62.158
78.443851 61.245
79.012287 61.245
79.584843 61.245
80.161547 61.245
80.742431 62.096
81.327524 62.096
81.916857 62.096
82.510460 62.096
83.108365 62.862
83.710602 62.862
84.317204 62.862
84.928201 62.862
85.543626 63.524
86.163510 63.524
86.787887 63.524
87.416787 63.524
88.050245 61.920
88.688294 61.920
89.330966 61.920
89.978295 61.920
90.630315 62.572
91.287059 62.572
91.948563 62.572
92.614860 62.572
93.285985 61.166
93.961974 61.166
94.642861 61.166
95.328683 61.166
96.019473 62.443
96.715270 62.443
97.416109 62.443
98.122026 62.443
98.833059 61.585
99.549244 61.585
100.270619 61.585
100.997221 61.585
101.729089 62.013
102.466259 62.013
103.208772 62.013
103.956665 62.013
104.709978 60.856
105.468750 60.856
106.233020 60.856
107.002828 60.856
107.778215 60.119
108.559220 60.119
109.345885 60.119
110.138250 60.119
110.936358 62.012
111.740248 62.012
112.549964 62.012
113.365548 62.012
114.187041 61.812
115.014487 61.812
115.847930 61.812
116.687412 61.812
117.532977 59.537
118.384669 59.537
119.242533 59.537
120.106614 59.537
120.976956 59.296
121.853605 59.296
122.736606 59.296
123.626006 59.296
124.521851 58.486
125.424188 58.486
126.333063 58.486
127.248525 58.486
128.170620 57.631
129.099397 57.631
130.034905 57.631
130.977191 57.631
131.926306 58.733
132.882298 58.733
133.845218 58.733
134.815116 58.733
135.792042 58.442
136.776047 58.442
137.767182 58.442
138.765500 58.442
139.771052 57.343
140.783891 57.343
141.804069 57.343
142.831640 57.343
143.866657 57.699
144.909174 57.699
145.959245 57.699
147.016926 57.699
148.082271 56.711
149.155337 56.711
150.236178 56.711
151.324851 56.711
152.421413 56.158
153.525922 56.158
154.638434 56.158
155.759008 56.158
156.887702 54.591
158.024575 54.591
159.169686 54.591
160.323095 54.591
161.484862 51.062
162.655048 51.062
163.833714 51.062
165.020920 51.062
166.216730 46.183
167.421205 46.183
168.634408 46.183
169.856402 46.183
171.087252 50.045
172.327020 50.045
173.575773 50.045
174.833575 50.045
176.100491 53.084
177.376588 53.084
178.661931 53.084
179.956589 53.084
181.260629 53.089
182.574118 53.089
183.897126 53.089
185.229720 53.089
186.571971 53.463
187.923948 53.463
189.285723 53.463
190.657365 53.463
192.038947 52.446
193.430540 52.446
194.832218 52.446
196.244052 52.446
197.666118 52.716
199.098488 52.716
200.541238 52.716
201.994442 52.716
203.458177 53.307
204.932519 53.307
206.417544 53.307
207.913331 53.307
209.419957 55.562
210.937500 55.562
212.466040 55.562
214.005657 55.562
215.556430 55.239
217.118441 55.239
218.691770 55.239
220.276501 55.239
221.872715 54.792
223.480496 54.792
225.099928 54.792
226.731095 54.792
228.374082 53.826
230.028975 53.826
231.695860 53.826
233.374823 53.826
235.065954 53.004
236.769338 53.004
238.485067 53.004
240.213228 53.004
241.953912 52.479
243.707209 52.479
245.473212 52.479
247.252012 52.479
249.043702 53.064
250.848376 53.064
252.666127 53.064
254.497049 53.064
256.341240 52.467
258.198794 52.467
260.069809 52.467
261.954382 52.467
263.852612 52.524
265.764596 52.524
267.690436 52.524
269.630232 52.524
271.584083 52.845
273.552094 52.845
275.534365 52.845
277.531000 52.845
279.542104 52.888
281.567782 52.888
283.608138 52.888
285.663279 52.888
287.733313 53.702
289.818348 53.702
291.918491 53.702
294.033852 53.702
296.164543 53.463
298.310673 53.463
300.472355 53.463
302.649702 53.463
304.842826 55.159
307.051843 55.159
309.276867 55.159
311.518015 55.159
313.775403 56.383
316.049149 56.383
318.339371 56.383
320.646190 56.383
322.969724 55.597
325.310096 55.597
327.667427 55.597
330.041840 55.597
332.433460 55.088
334.842409 55.088
337.268816 55.088
339.712804 55.088
342.174503 53.968
344.654041 53.968
347.151546 53.968
349.667149 53.968
352.200982 53.547
354.753175 53.547
357.323863 53.547
359.913179 53.547
362.521258 54.178
365.148237 54.178
367.794251 54.178
370.459440 54.178
373.143942 52.812
375.847897 52.812
378.571446 52.812
381.314730 51.136
384.077894 51.136
386.861081 51.136
389.664436 51.136
392.488105 48.502
395.332235 48.502
398.196976 48.502
401.082475 48.502
403.988884 41.493
406.916354 41.493
409.865038 41.493
412.835089 41.493
415.826662 37.922
418.839913 37.922
421.875000 37.922
424.932080 37.922
428.011313 38.455
431.112860 38.455
434.236881 38.455
437.383541 38.455
440.553002 40.958
443.745431 40.958
446.960993 40.958
450.199857 40.958
453.462190 41.478
456.748164 41.478
460.057950 41.478
463.391719 41.478
466.749647 45.271
470.131907 45.271
473.538677 45.271
476.970133 45.271
480.426455 47.854
483.907823 47.854
487.414419 47.854
490.946425 47.854
494.504025 48.556
498.087405 48.556
501.696752 48.556
505.332253 48.556
508.994099 47.624
512.682480 47.624
516.397589 47.624
520.139618 47.624
523.908764 48.191
527.705223 48.191
531.529193 48.191
535.380873 48.191
539.260463 45.734
543.168167 45.734
547.104187 45.734
551.068730 45.734
555.062001 47.607
559.084209 47.607
563.135563 47.607
567.216276 47.607
571.326559 54.123
575.466627 54.123
579.636695 54.123
583.836981 54.123
588.067705 56.507
592.329086 56.507
596.621347 56.507
600.944711 56.507
605.299404 56.841
609.685653 56.841
614.103687 56.841
618.553735 56.841
623.036030 56.616
627.550806 56.616
632.098298 56.616
636.678743 56.616
641.292380 54.941
645.939448 54.941
650.620192 54.941
655.334854 54.941
660.083681 51.418
664.866919 51.418
669.684819 51.418
674.537631 51.418
679.425609 47.352
684.349007 47.352
689.308082 47.352
694.303092 47.352
699.334299 44.792
704.401963 44.792
709.506350 44.792
714.647726 44.792
719.826358 45.914
725.042516 45.914
730.296473 45.914
735.588503 45.914
740.918880 44.169
746.287884 44.169
751.695793 44.169
757.142891 44.169
762.629461 46.404
768.155788 46.404
773.722161 46.404
779.328871 46.404
784.976209 49.379
790.664471 49.379
796.393951 49.379
802.164950 49.379
807.977768 51.194
813.832708 51.194
819.730075 51.194
825.670177 51.194
831.653324 52.658
837.679827 52.658
843.750000 52.658
849.864160 52.658
856.022626 52.843
862.225719 52.843
868.473762 52.843
874.767081 52.843
881.106004 50.514
887.490861 50.514
893.921986 50.514
900.399713 50.514
906.924381 49.358
913.496328 49.358
920.115899 49.358
926.783439 49.358
933.499293 50.640
940.263814 50.640
947.077353 50.640
953.940266 50.640
960.852911 46.632
967.815647 46.632
974.828838 46.632
981.892850 46.632
989.008050 42.558
996.174810 42.558
1003.393503 42.558
1010.664506 42.558
1017.988198 46.091
1025.364960 46.091
1032.795177 46.091
1040.279237 46.091
1047.817529 51.325
1055.410447 51.325
1063.058386 51.325
1070.761745 51.325
1078.520926 52.622
1086.336333 52.622
1094.208374 52.622
1102.137459 52.622
1110.124002 52.415
1118.168418 52.415
1126.271127 52.415
1134.432552 52.415
1142.653118 49.985
1150.933253 49.984
1159.273390 49.984
1167.673963 49.984
1176.135410 48.215
1184.658172 48.215
1193.242693 48.215
1201.889422 48.215
1210.598808 51.787
1219.371306 51.787
1228.207373 51.787
1237.107470 51.787
1246.072061 50.902
1255.101612 50.902
1264.196596 50.902
1273.357486 50.902
1282.584759 51.878
1291.878897 51.878
1301.240384 51.878
1310.669708 51.878
1320.167361 49.148
1329.733838 49.148
1339.369638 49.148
1349.075262 49.148
1358.851218 48.494
1368.698014 48.494
1378.616164 48.494
1388.606185 48.494
1398.668598 52.659
1408.803927 52.659
1419.012701 52.659
1429.295452 52.659
1439.652716 50.504
1450.085033 50.504
1460.592947 50.504
1471.177005 50.504
1481.837760 52.310
1492.575768 52.310
1503.391587 52.310
1514.285782 52.310
1525.258921 50.132
1536.311576 50.132
1547.444323 50.132
1558.657742 50.132
1569.952419 48.366
1581.328941 48.366
1592.787903 48.366
1604.329900 48.366
1615.955536 44.817
1627.665416 44.817
1639.460151 44.817
1651.340355 44.817
1663.306648 45.447
1675.359653 45.447
1687.500000 45.447
1699.728321 45.447
1712.045253 46.220
1724.451438 46.220
1736.947524 46.220
1749.534162 46.220
1762.212008 49.188
1774.981722 49.188
1787.843972 49.188
1800.799426 49.188
1813.848761 49.420
1826.992657 49.420
1840.231799 49.420
1853.566877 49.420
1866.998587 47.714
1880.527628 47.714
1894.154707 47.714
1907.880532 47.714
1921.705821 47.922
1935.631294 47.922
1949.657676 47.922
1963.785699 47.922
1978.016100 51.966
1992.349620 51.966
2006.787007 51.966
2021.329012 51.966
2035.976396 49.288
2050.729920 49.288
2065.590354 49.288
2080.558474 49.288
2095.635058 47.623
2110.820893 47.623
2126.116772 47.623
2141.523490 47.623
2157.041852 46.678
2172.672667 46.678
2188.416748 46.678
2204.274918 46.678
2220.248003 48.841
2236.336835 48.841
2252.542254 48.841
2268.865104 48.841
2285.306235 47.662
2301.866506 47.662
2318.546780 47.662
2335.347926 47.662
2352.270820 50.257
2369.316344 50.257
2386.485387 50.257
2403.778843 50.257
2421.197616 50.185
2438.742612 50.185
2456.414746 50.185
2474.214940 50.185
2492.144121 51.853
2510.203225 51.853
2528.393192 51.853
2546.714972 51.853
2565.169518 48.055
2583.757794 48.055
2602.480768 48.055
2621.339416 48.055
2640.334722 48.544
2659.467676 48.544
2678.739275 48.544
2698.150524 48.544
2717.702435 46.160
2737.396027 46.160
2757.232327 46.160
2777.212369 46.160
2797.337195 45.452
2817.607853 45.452
2838.025401 45.452
2858.590903 45.452
2879.305432 44.602
2900.170066 44.602
2921.185893 44.602
2942.354011 44.602
2963.675521 43.562
2985.151535 43.562
3006.783174 43.562
3028.571564 43.562
3050.517842 43.192
3072.623152 43.192
3094.888646 43.192
3117.315485 44.845
3139.904838 44.845
3162.657883 44.845
3185.575805 44.845
3208.659801 46.384
3231.911072 46.384
3255.330832 46.384
3278.920301 46.384
3302.680710 46.934
3326.613295 46.934
3350.719307 46.934
3375.000000 46.934
3399.456641 47.794
3424.090505 47.794
3448.902877 47.794
3473.895049 47.794
3499.068324 48.183
3524.424016 48.183
3549.963445 48.183
3575.687943 48.183
3601.598852 49.488
3627.697522 49.488
3653.985314 49.488
3680.463598 49.488
3707.133754 49.108
3733.997173 49.108
3761.055256 49.108
3788.309413 49.108
3815.761065 50.669
3843.411642 50.669
3871.262587 50.669
3899.315352 50.669
3927.571398 49.976
3956.032200 49.976
3984.699240 49.976
4013.574013 49.976
4042.658025 47.478
4071.952791 47.478
4101.459840 47.478
4131.180709 47.478
4161.116947 47.089
4191.270116 47.089
4221.641787 47.089
4252.233543 47.089
4283.046981 47.568
4314.083705 47.568
4345.345333 47.568
4376.833497 47.568
4408.549837 49.734
4440.496006 49.734
4472.673671 49.734
4505.084508 49.734
4537.730207 48.425
4570.612471 48.425
4603.733013 48.425
4637.093560 48.425
4670.695852 48.020
4704.541639 48.020
4738.632687 48.020
4772.970773 48.020
4807.557687 48.739
4842.395232 48.739
4877.485224 48.739
4912.829492 48.739
4948.429880 50.239
4984.288243 50.239
5020.406450 50.239
5056.786384 50.239
5093.429943 50.501
5130.339036 50.501
5167.515588 50.501
5204.961536 50.501
5242.678833 51.175
5280.669445 51.175
5318.935352 51.175
5357.478550 51.175
5396.301048 49.427
5435.404870 49.427
5474.792055 49.427
5514.464655 49.427
5554.424739 49.492
5594.674390 49.492
5635.215707 49.492
5676.050803 49.492
5717.181807 50.394
5758.610863 50.394
5800.340131 50.394
5842.371787 50.394
5884.708021 49.376
5927.351041 49.376
5970.303070 49.376
6013.566347 49.376
6057.143128 49.766
6101.035684 49.766
6145.246304 49.766
6189.777292 49.766
6234.630969 50.488
6279.809676 50.488
6325.315765 50.488
6371.151611 50.488
6417.319602 49.911
6463.822145 49.911
6510.661665 49.911
6557.840603 49.911
6605.361419 49.400
6653.226591 49.400
6701.438613 49.400
6750.000000 49.400
6798.913283 48.349
6848.181011 48.349
6897.805753 48.349
6947.790097 48.349
6998.136648 47.619
7048.848031 47.619
7099.926890 47.619
7151.375887 47.619
7203.197705 46.726
7255.395044 46.726
7307.970628 46.726
7360.927195 46.726
7414.267508 45.788
7467.994347 45.788
7522.110513 45.788
7576.618826 45.788
7631.522129 47.812
7686.823285 47.812
7742.525175 47.812
7798.630704 47.812
7855.142797 50.673
7912.064400 50.673
7969.398480 50.673
8027.148026 50.673
8085.316050 52.266
8143.905583 52.266
8202.919680 52.266
8262.361417 52.266
8322.233894 50.598
8382.540231 50.598
8443.283573 50.598
8504.467087 50.598
8566.093961 48.980
8628.167409 48.980
8690.690667 48.980
8753.666994 48.980
8817.099673 50.114
8880.992012 50.114
8945.347341 50.114
9010.169016 50.114
9075.460415 49.682
9141.224942 49.682
9207.466026 49.682
9274.187120 49.682
9341.391703 48.923
9409.083278 48.923
9477.265374 48.923
9545.941546 48.923
9615.115374 47.374
9684.790463 47.374
9754.970447 47.374
9825.658984 47.374
9896.859760 47.247
9968.576485 47.247
10040.812900 47.247
10113.572769 47.247
10186.859886 48.022
10260.678072 48.022
10335.031175 48.022
10409.923072 48.022
10485.357665 49.957
10561.338889 49.957
10637.870704 49.957
10714.957101 49.957
10792.602097 51.095
10870.809741 51.095
10949.584109 51.095
11028.929309 51.095
11108.849478 49.332
11189.348780 49.332
11270.431414 49.332
11352.101606 49.332
11434.363614 48.619
11517.221726 48.619
11600.680262 48.619
11684.743574 48.619
11769.416042 48.594
11854.702083 48.594
11940.606141 48.594
12027.132695 48.594
12114.286256 48.673
12202.071368 48.673
12290.492607 48.673
12379.554583 48.673
12469.261939 50.663
12559.619351 50.663
12650.631530 50.663
12742.303221 50.663
12834.639203 51.772
12927.644289 51.772
13021.323329 51.772
13115.681206 51.772
13210.722838 52.176
13306.453182 52.176
13402.877227 52.176
13500.000000 52.176
13597.826565 52.244
13696.362022 52.244
13795.611507 52.244
13895.580195 52.244
13996.273297 51.064
14097.696063 51.064
14199.853780 51.064
14302.751774 51.064
14406.395409 50.984
14510.790089 50.984
14615.941256 50.984
14721.854391 50.984
14828.535017 50.464
14935.988694 50.464
15044.221025 50.464
15153.237652 50.464
15263.044259 49.249
15373.646569 49.249
15485.050350 49.249
15597.261408 49.249
15710.285593 48.055
15824.128799 48.055
15938.796959 48.055
16054.296053 48.055
16170.632100 46.154
16287.811166 46.154
16405.839360 46.154
16524.722835 46.154
16644.467788 46.079
16765.080463 46.079
16886.567147 46.079
17008.934174 46.079
17132.187922 45.061
17256.334818 45.061
17381.381334 45.061
17507.333988 45.061
17634.199347 44.381
17761.984025 44.381
17890.694683 44.381
18020.338031 44.381
18150.920829 42.613
18282.449884 42.613
18414.932052 42.613
18548.374241 42.613
18682.783407 40.929
18818.166557 40.929
18954.530749 40.929
19091.883092 40.929
19230.230747 40.071
19369.580926 40.071
19509.940894 40.071
19651.317968 40.071
19793.719519 40.411
19937.152970 40.411
20081.625799 40.411
20227.145538 40.411
20373.719773 39.930
20521.356145 39.930
20670.062351 39.930
20819.846143 39.930
20970.715331 35.533
21122.677779 35.533
21275.741409 35.533
21429.914202 35.533
21585.204194 19.652
21741.619481 19.652
21899.168218 19.652
22057.858619 19.652
22217.698955 19.094
22378.697560 19.094
22540.862828 19.094
22704.203212 19.094
22868.727228 18.209
23034.443452 18.209
23201.360525 18.209
23369.487147 18.209
