* Measurement data measured by REW V5.40 beta 127
* Source: EXCL: Microphone (Umik-1  Gain: 18dB  ), MICROPHONE (Master Volume), R, volume: 0.900
* Format: 65536-point 1/24 octave RTA using Hann window, no smoothing and 32 averages 
* Dated: Jul 2, 2026, 8:45:03 PM
* REW Settings:
*  C-weighting compensation: Off
*  Target level: 75.0 dB
* Note: ; 65536-point 1/24 octave RTA using Hann window, no smoothing and 32 averages  Input RMS 75.35 dB 69.6 dB C, 67.2 dB A 70.6 dB 22 - 22k UNW 21.8 dB >22k 
* Measurement: Tweeters Together
* Smoothing: None
* Frequency Step: 96 ppo
* Start Frequency: 3.2958984 Hz
*
* Freq(Hz) SPL(dB)
3.295898 44.394
3.319782 44.394
3.343838 44.394
3.368069 44.394
3.392476 44.394
3.417059 44.394
3.441820 44.394
3.466761 44.394
3.491883 44.394
3.517186 44.394
3.542673 44.394
3.568345 44.394
3.594203 44.394
3.620248 44.394
3.646482 44.394
3.672906 44.394
3.699521 44.394
3.726329 44.394
3.753332 44.394
3.780530 44.394
3.807925 44.394
3.835519 44.394
3.863313 44.394
3.891308 44.394
3.919506 44.394
3.947908 44.394
3.976516 44.394
4.005332 44.394
4.034356 45.982
4.063591 45.982
4.093037 45.982
4.122697 45.982
4.152572 45.982
4.182663 45.982
4.212972 45.982
4.243501 45.982
4.274251 45.982
4.305224 45.982
4.336422 45.982
4.367845 45.982
4.399497 45.982
4.431377 45.982
4.463489 45.982
4.495833 45.982
4.528412 45.982
4.561226 45.982
4.594279 45.982
4.627571 45.982
4.661104 45.982
4.694881 45.982
4.728902 45.982
4.763169 48.097
4.797685 48.097
4.832451 48.097
4.867469 48.097
4.902741 48.097
4.938268 48.097
4.974053 48.097
5.010097 48.097
5.046402 48.097
5.082970 48.097
5.119804 48.097
5.156904 48.097
5.194273 48.097
5.231913 48.097
5.269825 48.097
5.308013 48.097
5.346477 48.097
5.385219 48.097
5.424243 48.097
5.463549 48.097
5.503140 50.935
5.543018 50.935
5.583185 50.935
5.623643 50.935
5.664395 50.935
5.705441 50.935
5.746785 50.935
5.788429 50.935
5.830374 50.935
5.872623 50.935
5.915179 50.935
5.958043 50.935
6.001217 50.935
6.044704 50.935
6.088507 50.935
6.132627 50.935
6.177066 50.935
6.221828 50.935
6.266914 52.898
6.312326 52.898
6.358068 52.898
6.404141 52.898
6.450548 52.898
6.497292 52.898
6.544374 52.898
6.591797 52.898
6.639564 52.898
6.687677 52.898
6.736138 52.898
6.784951 52.898
6.834118 52.898
6.883641 52.898
6.933522 52.898
6.983766 54.006
7.034373 54.006
7.085347 54.006
7.136690 54.006
7.188405 54.006
7.240496 54.006
7.292963 54.006
7.345811 54.006
7.399042 54.006
7.452658 54.006
7.506663 54.006
7.561060 54.006
7.615850 54.006
7.671038 54.006
7.726625 54.959
7.782616 54.959
7.839012 54.959
7.895816 54.959
7.953033 54.959
8.010664 54.959
8.068712 54.959
8.127182 54.959
8.186074 54.959
8.245394 54.959
8.305144 54.959
8.365326 54.959
8.425945 55.600
8.487003 55.600
8.548503 55.600
8.610449 55.600
8.672844 55.600
8.735691 55.600
8.798993 55.600
8.862754 55.600
8.926977 55.600
8.991666 55.600
9.056823 55.600
9.122453 55.600
9.188558 55.954
9.255142 55.954
9.322209 55.954
9.389761 55.954
9.457803 55.954
9.526338 55.954
9.595370 55.954
9.664902 55.954
9.734938 55.954
9.805481 55.954
9.876536 55.954
9.948105 56.859
10.020193 56.859
10.092804 56.859
10.165940 56.859
10.239607 56.859
10.313808 56.859
10.388546 56.859
10.463825 56.859
10.539650 56.859
10.616025 56.859
10.692953 57.508
10.770439 57.508
10.848486 57.508
10.927098 57.508
11.006281 57.508
11.086037 57.508
11.166371 57.508
11.247287 57.508
11.328789 57.508
11.410882 60.204
11.493570 60.204
11.576858 60.204
11.660748 60.204
11.745247 60.204
11.830358 60.204
11.916085 60.204
12.002434 60.204
12.089409 62.180
12.177014 62.180
12.265253 62.180
12.354132 62.180
12.443655 62.180
12.533827 62.180
12.624653 62.180
12.716136 62.180
12.808282 62.180
12.901097 60.632
12.994583 60.632
13.088747 60.632
13.183594 60.632
13.279128 60.632
13.375354 60.632
13.472277 60.632
13.569903 55.955
13.668236 55.955
13.767281 55.955
13.867045 55.955
13.967531 55.955
14.068746 55.955
14.170693 55.955
14.273380 55.955
14.376811 52.241
14.480991 52.241
14.585926 52.241
14.691622 52.241
14.798084 52.241
14.905317 52.241
15.013327 52.241
15.122119 52.319
15.231701 52.319
15.342076 52.319
15.453251 52.319
15.565231 52.319
15.678023 52.319
15.791633 55.469
15.906066 55.469
16.021327 55.469
16.137425 55.469
16.254363 55.469
16.372149 55.469
16.490788 52.188
16.610287 52.188
16.730652 52.188
16.851889 52.188
16.974005 52.188
17.097006 52.188
17.220898 48.692
17.345688 48.692
17.471382 48.692
17.597986 48.692
17.725509 48.692
17.853955 48.692
17.983332 47.767
18.113647 47.767
18.244906 47.767
18.377116 47.767
18.510284 47.767
18.644417 47.767
18.779522 48.566
18.915606 48.566
19.052677 48.566
19.190740 48.566
19.329804 48.566
19.469876 45.274
19.610963 45.274
19.753072 45.274
19.896211 45.274
20.040387 45.274
20.185608 51.013
20.331881 51.013
20.479214 51.013
20.627615 51.013
20.777091 51.013
20.927651 61.819
21.079301 61.819
21.232050 61.819
21.385906 61.819
21.540878 61.819
21.696972 61.672
21.854197 61.672
22.012561 61.672
22.172073 61.672
22.332741 61.672
22.494574 51.543
22.657579 51.543
22.821765 51.543
22.987141 51.543
23.153715 46.229
23.321496 46.229
23.490494 46.229
23.660715 46.229
23.832171 45.186
24.004868 45.186
24.178818 45.186
24.354027 45.186
24.530507 45.186
24.708265 44.294
24.887311 44.294
25.067655 44.294
25.249305 44.294
25.432272 43.883
25.616565 43.883
25.802193 43.883
25.989166 43.883
26.177495 47.192
26.367188 47.192
26.558255 47.192
26.750707 47.510
26.944554 47.510
27.139805 47.510
27.336471 47.510
27.534563 44.965
27.734089 44.965
27.935062 44.965
28.137491 44.965
28.341387 44.441
28.546760 44.441
28.753622 44.441
28.961982 44.172
29.171853 44.172
29.383244 44.172
29.596167 44.172
29.810633 43.601
30.026653 43.601
30.244239 43.601
30.463401 43.486
30.684152 43.486
30.906502 43.486
31.130463 43.581
31.356047 43.581
31.583266 43.581
31.812131 43.581
32.042655 43.942
32.274849 43.942
32.508726 43.942
32.744298 43.383
32.981576 43.383
33.220575 43.383
33.461305 43.354
33.703779 43.354
33.948010 43.354
34.194012 43.073
34.441796 43.073
34.691375 43.073
34.942763 42.926
35.195973 42.926
35.451017 42.926
35.707910 42.827
35.966664 42.827
36.227293 42.827
36.489811 42.549
36.754232 42.549
37.020568 43.121
37.288834 43.121
37.559044 43.121
37.831213 42.974
38.105353 42.974
38.381480 42.974
38.659608 42.394
38.939752 42.394
39.221925 42.856
39.506144 42.856
39.792421 42.856
40.080774 41.952
40.371216 41.952
40.663762 44.173
40.958428 44.173
41.255230 44.173
41.554182 52.071
41.855301 52.071
42.158602 62.402
42.464101 62.402
42.771813 62.402
43.081755 65.764
43.393943 65.764
43.708394 61.342
44.025123 61.341
44.344147 48.997
44.665483 48.997
44.989147 48.997
45.315157 43.163
45.643530 43.163
45.974281 45.013
46.307430 45.013
46.642993 47.957
46.980987 47.957
47.321431 45.356
47.664341 45.356
48.009737 42.331
48.357635 42.331
48.708054 39.867
49.061013 39.867
49.416529 39.867
49.774622 39.659
50.135309 39.659
50.498611 40.427
50.864544 41.620
51.233130 41.620
51.604386 41.620
51.978333 41.620
52.354989 39.951
52.734375 39.951
53.116510 39.951
53.501414 39.951
53.889107 40.840
54.279610 40.840
54.672943 40.840
55.069125 40.840
55.468179 39.469
55.870124 39.469
56.274982 39.469
56.682774 39.469
57.093521 39.080
57.507244 39.080
57.923965 39.080
58.343706 39.080
58.766488 38.867
59.192335 38.867
59.621267 38.867
60.053307 38.867
60.488478 36.454
60.926802 36.454
61.368303 36.454
61.813003 36.454
62.260926 36.831
62.712094 36.831
63.166532 36.831
63.624262 36.831
64.085310 39.515
64.549699 39.515
65.017452 39.515
65.488596 39.515
65.963153 35.583
66.441149 35.583
66.922609 35.583
67.407558 35.583
67.896021 36.051
68.388023 36.051
68.883591 36.051
69.382750 36.051
69.885526 35.691
70.391945 35.691
70.902034 35.691
71.415820 35.691
71.933328 35.793
72.454587 35.793
72.979623 35.793
73.508463 35.793
74.041136 37.144
74.577668 37.144
75.118089 37.144
75.662425 37.144
76.210707 35.673
76.762961 35.673
77.319217 35.673
77.879504 35.673
78.443851 34.867
79.012287 34.867
79.584843 34.867
80.161547 34.867
80.742431 35.687
81.327524 35.687
81.916857 35.687
82.510460 35.687
83.108365 35.850
83.710602 35.850
84.317204 35.850
84.928201 35.850
85.543626 39.175
86.163510 39.175
86.787887 39.175
87.416787 39.175
88.050245 33.666
88.688294 33.666
89.330966 33.666
89.978295 33.666
90.630315 35.331
91.287059 35.331
91.948563 35.331
92.614860 35.331
93.285985 40.741
93.961974 40.741
94.642861 40.741
95.328683 40.741
96.019473 37.331
96.715270 37.331
97.416109 37.331
98.122026 37.331
98.833059 35.043
99.549244 35.043
100.270619 35.043
100.997221 35.043
101.729089 34.301
102.466259 34.301
103.208772 34.301
103.956665 34.301
104.709978 38.516
105.468750 38.516
106.233020 38.516
107.002828 38.516
107.778215 41.975
108.559220 41.975
109.345885 41.975
110.138250 41.975
110.936358 34.194
111.740248 34.194
112.549964 34.194
113.365548 34.194
114.187041 39.568
115.014487 39.568
115.847930 39.568
116.687412 39.568
117.532977 36.429
118.384669 36.429
119.242533 36.429
120.106614 36.429
120.976956 36.102
121.853605 36.102
122.736606 36.102
123.626006 36.102
124.521851 35.035
125.424188 35.035
126.333063 35.035
127.248525 35.035
128.170620 40.608
129.099397 40.608
130.034905 40.608
130.977191 40.608
131.926306 32.184
132.882298 32.184
133.845218 32.184
134.815116 32.184
135.792042 29.867
136.776047 29.867
137.767182 29.867
138.765500 29.867
139.771052 34.174
140.783891 34.174
141.804069 34.174
142.831640 34.174
143.866657 32.687
144.909174 32.687
145.959245 32.687
147.016926 32.687
148.082271 31.058
149.155337 31.058
150.236178 31.058
151.324851 31.058
152.421413 30.424
153.525922 30.424
154.638434 30.424
155.759008 30.424
156.887702 32.705
158.024575 32.705
159.169686 32.705
160.323095 32.705
161.484862 35.314
162.655048 35.314
163.833714 35.314
165.020920 35.314
166.216730 33.178
167.421205 33.178
168.634408 33.178
169.856402 33.178
171.087252 34.339
172.327020 34.339
173.575773 34.339
174.833575 34.339
176.100491 31.576
177.376588 31.576
178.661931 31.576
179.956589 31.576
181.260629 32.425
182.574118 32.425
183.897126 32.425
185.229720 32.425
186.571971 33.740
187.923948 33.740
189.285723 33.740
190.657365 33.740
192.038947 32.450
193.430540 32.450
194.832218 32.450
196.244052 32.450
197.666118 30.098
199.098488 30.098
200.541238 30.098
201.994442 30.098
203.458177 28.996
204.932519 28.996
206.417544 28.996
207.913331 28.996
209.419957 30.725
210.937500 30.725
212.466040 30.725
214.005657 30.725
215.556430 27.732
217.118441 27.732
218.691770 27.732
220.276501 27.732
221.872715 24.557
223.480496 24.557
225.099928 24.557
226.731095 24.557
228.374082 25.503
230.028975 25.503
231.695860 25.503
233.374823 25.503
235.065954 26.137
236.769338 26.137
238.485067 26.137
240.213228 26.137
241.953912 23.473
243.707209 23.473
245.473212 23.473
247.252012 23.473
249.043702 24.987
250.848376 24.987
252.666127 24.987
254.497049 24.987
256.341240 27.676
258.198794 27.676
260.069809 27.676
261.954382 27.676
263.852612 25.413
265.764596 25.413
267.690436 25.413
269.630232 25.413
271.584083 28.721
273.552094 28.721
275.534365 28.721
277.531000 28.721
279.542104 31.957
281.567782 31.957
283.608138 31.957
285.663279 31.957
287.733313 30.590
289.818348 30.590
291.918491 30.590
294.033852 30.590
296.164543 32.639
298.310673 32.639
300.472355 32.639
302.649702 32.639
304.842826 33.288
307.051843 33.288
309.276867 33.288
311.518015 33.288
313.775403 33.598
316.049149 33.598
318.339371 33.598
320.646190 33.598
322.969724 30.838
325.310096 30.838
327.667427 30.838
330.041840 30.838
332.433460 27.580
334.842409 27.580
337.268816 27.580
339.712804 27.580
342.174503 25.525
344.654041 25.525
347.151546 25.525
349.667149 25.525
352.200982 22.317
354.753175 22.317
357.323863 22.317
359.913179 22.317
362.521258 26.656
365.148237 26.656
367.794251 26.656
370.459440 26.656
373.143942 26.936
375.847897 26.936
378.571446 26.936
381.314730 26.627
384.077894 26.627
386.861081 26.627
389.664436 26.627
392.488105 27.067
395.332235 27.067
398.196976 27.067
401.082475 27.067
403.988884 25.080
406.916354 25.080
409.865038 25.080
412.835089 25.080
415.826662 22.648
418.839913 22.648
421.875000 22.648
424.932080 22.648
428.011313 21.200
431.112860 21.200
434.236881 21.200
437.383541 21.200
440.553002 18.644
443.745431 18.644
446.960993 18.644
450.199857 18.644
453.462190 20.175
456.748164 20.175
460.057950 20.175
463.391719 20.175
466.749647 22.050
470.131907 22.050
473.538677 22.050
476.970133 22.050
480.426455 18.501
483.907823 18.501
487.414419 18.501
490.946425 18.501
494.504025 19.591
498.087405 19.591
501.696752 19.591
505.332253 19.591
508.994099 20.498
512.682480 20.498
516.397589 20.498
520.139618 20.498
523.908764 21.952
527.705223 21.952
531.529193 21.952
535.380873 21.952
539.260463 24.942
543.168167 24.942
547.104187 24.942
551.068730 24.942
555.062001 24.524
559.084209 24.524
563.135563 24.524
567.216276 24.524
571.326559 22.748
575.466627 22.748
579.636695 22.748
583.836981 22.748
588.067705 19.075
592.329086 19.075
596.621347 19.075
600.944711 19.075
605.299404 17.101
609.685653 17.101
614.103687 17.101
618.553735 17.101
623.036030 18.869
627.550806 18.869
632.098298 18.869
636.678743 18.869
641.292380 17.919
645.939448 17.919
650.620192 17.919
655.334854 17.919
660.083681 18.143
664.866919 18.143
669.684819 18.143
674.537631 18.143
679.425609 16.539
684.349007 16.539
689.308082 16.539
694.303092 16.539
699.334299 14.865
704.401963 14.865
709.506350 14.865
714.647726 14.865
719.826358 14.013
725.042516 14.013
730.296473 14.013
735.588503 14.013
740.918880 15.617
746.287884 15.617
751.695793 15.617
757.142891 15.617
762.629461 13.498
768.155788 13.498
773.722161 13.498
779.328871 13.498
784.976209 13.029
790.664471 13.029
796.393951 13.029
802.164950 13.029
807.977768 12.934
813.832708 12.934
819.730075 12.934
825.670177 12.934
831.653324 13.351
837.679827 13.351
843.750000 13.351
849.864160 13.351
856.022626 15.216
862.225719 15.216
868.473762 15.216
874.767081 15.216
881.106004 15.293
887.490861 15.293
893.921986 15.293
900.399713 15.293
906.924381 17.918
913.496328 17.918
920.115899 17.918
926.783439 17.918
933.499293 20.454
940.263814 20.454
947.077353 20.454
953.940266 20.454
960.852911 22.374
967.815647 22.374
974.828838 22.374
981.892850 22.374
989.008050 19.618
996.174810 19.618
1003.393503 19.618
1010.664506 19.618
1017.988198 21.981
1025.364960 21.981
1032.795177 21.981
1040.279237 21.981
1047.817529 26.178
1055.410447 26.178
1063.058386 26.178
1070.761745 26.178
1078.520926 28.324
1086.336333 28.324
1094.208374 28.324
1102.137459 28.324
1110.124002 29.476
1118.168418 29.476
1126.271127 29.476
1134.432552 29.476
1142.653118 30.406
1150.933253 30.406
1159.273390 30.406
1167.673963 30.406
1176.135410 32.608
1184.658172 32.608
1193.242693 32.608
1201.889422 32.608
1210.598808 34.234
1219.371306 34.234
1228.207373 34.234
1237.107470 34.234
1246.072061 35.021
1255.101612 35.021
1264.196596 35.021
1273.357486 35.021
1282.584759 37.572
1291.878897 37.572
1301.240384 37.572
1310.669708 37.572
1320.167361 36.930
1329.733838 36.930
1339.369638 36.930
1349.075262 36.930
1358.851218 36.044
1368.698014 36.044
1378.616164 36.044
1388.606185 36.044
1398.668598 33.275
1408.803927 33.275
1419.012701 33.275
1429.295452 33.275
1439.652716 35.706
1450.085033 35.706
1460.592947 35.706
1471.177005 35.706
1481.837760 35.506
1492.575768 35.506
1503.391587 35.506
1514.285782 35.506
1525.258921 38.591
1536.311576 38.591
1547.444323 38.591
1558.657742 38.591
1569.952419 37.158
1581.328941 37.158
1592.787903 37.158
1604.329900 37.158
1615.955536 38.945
1627.665416 38.945
1639.460151 38.945
1651.340355 38.945
1663.306648 40.714
1675.359653 40.714
1687.500000 40.714
1699.728321 40.714
1712.045253 43.485
1724.451438 43.485
1736.947524 43.485
1749.534162 43.485
1762.212008 41.308
1774.981722 41.308
1787.843972 41.308
1800.799426 41.308
1813.848761 40.590
1826.992657 40.590
1840.231799 40.590
1853.566877 40.590
1866.998587 40.166
1880.527628 40.166
1894.154707 40.166
1907.880532 40.166
1921.705821 40.280
1935.631294 40.280
1949.657676 40.280
1963.785699 40.280
1978.016100 44.228
1992.349620 44.228
2006.787007 44.228
2021.329012 44.228
2035.976396 42.960
2050.729920 42.960
2065.590354 42.960
2080.558474 42.960
2095.635058 42.538
2110.820893 42.538
2126.116772 42.538
2141.523490 42.538
2157.041852 45.422
2172.672667 45.422
2188.416748 45.422
2204.274918 45.422
2220.248003 47.349
2236.336835 47.349
2252.542254 47.349
2268.865104 47.349
2285.306235 46.520
2301.866506 46.520
2318.546780 46.520
2335.347926 46.520
2352.270820 49.211
2369.316344 49.211
2386.485387 49.211
2403.778843 49.211
2421.197616 49.089
2438.742612 49.089
2456.414746 49.089
2474.214940 49.089
2492.144121 51.313
2510.203225 51.313
2528.393192 51.313
2546.714972 51.313
2565.169518 48.579
2583.757794 48.579
2602.480768 48.579
2621.339416 48.579
2640.334722 47.746
2659.467676 47.746
2678.739275 47.746
2698.150524 47.746
2717.702435 45.737
2737.396027 45.737
2757.232327 45.737
2777.212369 45.737
2797.337195 44.322
2817.607853 44.322
2838.025401 44.322
2858.590903 44.322
2879.305432 39.749
2900.170066 39.749
2921.185893 39.749
2942.354011 39.749
2963.675521 41.639
2985.151535 41.639
3006.783174 41.639
3028.571564 41.639
3050.517842 43.440
3072.623152 43.440
3094.888646 43.440
3117.315485 44.747
3139.904838 44.747
3162.657883 44.747
3185.575805 44.747
3208.659801 47.431
3231.911072 47.431
3255.330832 47.431
3278.920301 47.431
3302.680710 47.435
3326.613295 47.435
3350.719307 47.435
3375.000000 47.435
3399.456641 47.350
3424.090505 47.350
3448.902877 47.350
3473.895049 47.350
3499.068324 48.083
3524.424016 48.083
3549.963445 48.083
3575.687943 48.083
3601.598852 49.344
3627.697522 49.344
3653.985314 49.344
3680.463598 49.344
3707.133754 50.650
3733.997173 50.650
3761.055256 50.650
3788.309413 50.650
3815.761065 51.422
3843.411642 51.422
3871.262587 51.422
3899.315352 51.422
3927.571398 50.483
3956.032200 50.483
3984.699240 50.483
4013.574013 50.483
4042.658025 48.219
4071.952791 48.219
4101.459840 48.219
4131.180709 48.219
4161.116947 46.781
4191.270116 46.781
4221.641787 46.781
4252.233543 46.781
4283.046981 47.513
4314.083705 47.513
4345.345333 47.513
4376.833497 47.513
4408.549837 49.751
4440.496006 49.751
4472.673671 49.751
4505.084508 49.751
4537.730207 47.924
4570.612471 47.924
4603.733013 47.924
4637.093560 47.924
4670.695852 47.111
4704.541639 47.111
4738.632687 47.111
4772.970773 47.111
4807.557687 48.732
4842.395232 48.732
4877.485224 48.732
4912.829492 48.732
4948.429880 50.230
4984.288243 50.230
5020.406450 50.230
5056.786384 50.230
5093.429943 50.455
5130.339036 50.455
5167.515588 50.455
5204.961536 50.455
5242.678833 51.237
5280.669445 51.237
5318.935352 51.237
5357.478550 51.237
5396.301048 50.497
5435.404870 50.497
5474.792055 50.497
5514.464655 50.497
5554.424739 49.929
5594.674390 49.929
5635.215707 49.929
5676.050803 49.929
5717.181807 49.952
5758.610863 49.952
5800.340131 49.952
5842.371787 49.952
5884.708021 49.264
5927.351041 49.264
5970.303070 49.264
6013.566347 49.264
6057.143128 49.930
6101.035684 49.930
6145.246304 49.930
6189.777292 49.930
6234.630969 49.838
6279.809676 49.838
6325.315765 49.838
6371.151611 49.838
6417.319602 50.142
6463.822145 50.142
6510.661665 50.142
6557.840603 50.142
6605.361419 49.797
6653.226591 49.797
6701.438613 49.797
6750.000000 49.797
6798.913283 48.848
6848.181011 48.848
6897.805753 48.848
6947.790097 48.848
6998.136648 48.205
7048.848031 48.205
7099.926890 48.205
7151.375887 48.205
7203.197705 46.546
7255.395044 46.546
7307.970628 46.546
7360.927195 46.546
7414.267508 45.752
7467.994347 45.752
7522.110513 45.752
7576.618826 45.752
7631.522129 47.368
7686.823285 47.368
7742.525175 47.368
7798.630704 47.368
7855.142797 50.623
7912.064400 50.623
7969.398480 50.623
8027.148026 50.623
8085.316050 52.343
8143.905583 52.343
8202.919680 52.343
8262.361417 52.343
8322.233894 50.594
8382.540231 50.594
8443.283573 50.594
8504.467087 50.594
8566.093961 48.745
8628.167409 48.745
8690.690667 48.745
8753.666994 48.745
8817.099673 50.164
8880.992012 50.164
8945.347341 50.164
9010.169016 50.164
9075.460415 49.414
9141.224942 49.414
9207.466026 49.414
9274.187120 49.414
9341.391703 48.814
9409.083278 48.814
9477.265374 48.814
9545.941546 48.814
9615.115374 47.387
9684.790463 47.387
9754.970447 47.387
9825.658984 47.387
9896.859760 46.961
9968.576485 46.961
10040.812900 46.961
10113.572769 46.961
10186.859886 47.620
10260.678072 47.620
10335.031175 47.620
10409.923072 47.620
10485.357665 49.840
10561.338889 49.840
10637.870704 49.840
10714.957101 49.840
10792.602097 51.066
10870.809741 51.066
10949.584109 51.066
11028.929309 51.066
11108.849478 49.003
11189.348780 49.003
11270.431414 49.003
11352.101606 49.003
11434.363614 48.933
11517.221726 48.933
11600.680262 48.933
11684.743574 48.933
11769.416042 48.822
11854.702083 48.822
11940.606141 48.822
12027.132695 48.822
12114.286256 48.849
12202.071368 48.849
12290.492607 48.849
12379.554583 48.849
12469.261939 50.986
12559.619351 50.986
12650.631530 50.986
12742.303221 50.986
12834.639203 51.898
12927.644289 51.898
13021.323329 51.898
13115.681206 51.898
13210.722838 52.488
13306.453182 52.488
13402.877227 52.488
13500.000000 52.488
13597.826565 52.376
13696.362022 52.376
13795.611507 52.376
13895.580195 52.376
13996.273297 51.069
14097.696063 51.069
14199.853780 51.069
14302.751774 51.069
14406.395409 50.976
14510.790089 50.976
14615.941256 50.976
14721.854391 50.976
14828.535017 50.693
14935.988694 50.693
15044.221025 50.693
15153.237652 50.693
15263.044259 49.268
15373.646569 49.268
15485.050350 49.268
15597.261408 49.268
15710.285593 48.007
15824.128799 48.007
15938.796959 48.007
16054.296053 48.007
16170.632100 46.171
16287.811166 46.171
16405.839360 46.171
16524.722835 46.171
16644.467788 46.294
16765.080463 46.294
16886.567147 46.294
17008.934174 46.294
17132.187922 45.452
17256.334818 45.452
17381.381334 45.452
17507.333988 45.452
17634.199347 44.371
17761.984025 44.371
17890.694683 44.371
18020.338031 44.371
18150.920829 42.848
18282.449884 42.848
18414.932052 42.848
18548.374241 42.848
18682.783407 41.040
18818.166557 41.040
18954.530749 41.040
19091.883092 41.040
19230.230747 40.567
19369.580926 40.567
19509.940894 40.567
19651.317968 40.567
19793.719519 40.537
19937.152970 40.537
20081.625799 40.537
20227.145538 40.537
20373.719773 39.639
20521.356145 39.639
20670.062351 39.639
20819.846143 39.639
20970.715331 35.714
21122.677779 35.714
21275.741409 35.714
21429.914202 35.714
21585.204194 19.581
21741.619481 19.581
21899.168218 19.581
22057.858619 19.581
22217.698955 18.831
22378.697560 18.831
22540.862828 18.831
22704.203212 18.831
22868.727228 18.139
23034.443452 18.139
23201.360525 18.139
23369.487147 18.139
